1.506017948e-04 2.894754964e-04 4.258840396e-04 5.650449800e-04 -7.045979994e-04 8.443820754e-04
3.012010809e-04 5.789381524e-04 8.517281763e-04 1.129998083e-03 -1.409018984e-03 1.688460545e-03
4.517953604e-04 8.683751490e-04 1.277492541e-03 1.694767488e-03 -2.113086032e-03 2.531931974e-03
6.023821460e-04 1.157773688e-03 1.703137303e-03 2.259261443e-03 -2.816622363e-03 3.374493202e-03
7.529589606e-04 1.447120994e-03 2.128622670e-03 2.823388278e-03 -3.519451374e-03 4.215841456e-03
9.035233375e-04 1.736404310e-03 2.553908893e-03 3.387056421e-03 -4.221396690e-03 5.055674453e-03
1.054072820e-03 2.025610904e-03 2.978956270e-03 3.950174410e-03 -4.922282198e-03 5.893690508e-03
1.204604960e-03 2.314728063e-03 3.403725148e-03 4.512650909e-03 -5.621932099e-03 6.729588642e-03
1.355117320e-03 2.603743097e-03 3.828175924e-03 5.074394720e-03 -6.320170946e-03 7.563068689e-03
1.505607471e-03 2.892643336e-03 4.252269052e-03 5.635314795e-03 -7.016823686e-03 8.393831401e-03
1.656072994e-03 3.181416134e-03 4.675965043e-03 6.195320256e-03 -7.711715705e-03 9.221578552e-03
1.806511478e-03 3.470048864e-03 5.099224469e-03 6.754320401e-03 -8.404672872e-03 1.004601305e-02
1.956920521e-03 3.758528923e-03 5.522007965e-03 7.312224724e-03 -9.095521576e-03 1.086683903e-02
2.107297730e-03 4.046843731e-03 5.944276235e-03 7.868942927e-03 -9.784088774e-03 1.168376199e-02
2.257640719e-03 4.334980728e-03 6.365990051e-03 8.424384933e-03 -1.047020203e-02 1.249648883e-02
2.407947111e-03 4.622927377e-03 6.787110260e-03 8.978460898e-03 -1.115368956e-02 1.330472804e-02
2.558214538e-03 4.910671165e-03 7.207597785e-03 9.531081230e-03 -1.183438027e-02 1.410818975e-02
2.708440639e-03 5.198199600e-03 7.627413626e-03 1.008215660e-02 -1.251210381e-02 1.490658582e-02
2.858623059e-03 5.485500215e-03 8.046518868e-03 1.063159795e-02 -1.318669058e-02 1.569963001e-02
3.008759454e-03 5.772560564e-03 8.464874681e-03 1.117931652e-02 -1.385797183e-02 1.648703799e-02
3.158847485e-03 6.059368226e-03 8.882442322e-03 1.172522384e-02 -1.452577965e-02 1.726852753e-02
3.308884822e-03 6.345910803e-03 9.299183142e-03 1.226923179e-02 -1.518994703e-02 1.804381854e-02
3.458869140e-03 6.632175922e-03 9.715058586e-03 1.281125253e-02 -1.585030791e-02 1.881263318e-02
3.608798125e-03 6.918151232e-03 1.013003020e-02 1.335119861e-02 -1.650669719e-02 1.957469599e-02
3.758669466e-03 7.203824409e-03 1.054405961e-02 1.388898292e-02 -1.715895083e-02 2.032973393e-02
3.908480861e-03 7.489183151e-03 1.095710859e-02 1.442451872e-02 -1.780690582e-02 2.107747655e-02
4.058230014e-03 7.774215184e-03 1.136913898e-02 1.495771965e-02 -1.845040025e-02 2.181765602e-02
4.207914638e-03 8.058908256e-03 1.178011276e-02 1.548849977e-02 -1.908927339e-02 2.255000726e-02
4.357532449e-03 8.343250144e-03 1.218999199e-02 1.601677353e-02 -1.972336564e-02 2.327426803e-02
4.507081174e-03 8.627228648e-03 1.259873888e-02 1.654245581e-02 -2.035251866e-02 2.399017901e-02
4.656558542e-03 8.910831595e-03 1.300631574e-02 1.706546194e-02 -2.097657536e-02 2.469748392e-02
4.805962292e-03 9.194046840e-03 1.341268502e-02 1.758570768e-02 -2.159537994e-02 2.539592957e-02
4.955290168e-03 9.476862264e-03 1.381780927e-02 1.810310928e-02 -2.220877793e-02 2.608526598e-02
5.104539920e-03 9.759265773e-03 1.422165121e-02 1.861758346e-02 -2.281661626e-02 2.676524647e-02
5.253709305e-03 1.004124530e-02 1.462417365e-02 1.912904740e-02 -2.341874325e-02 2.743562772e-02
5.402796087e-03 1.032278882e-02 1.502533956e-02 1.963741884e-02 -2.401500867e-02 2.809616988e-02
5.551798035e-03 1.060388431e-02 1.542511204e-02 2.014261598e-02 -2.460526380e-02 2.874663667e-02
5.700712924e-03 1.088451980e-02 1.582345434e-02 2.064455760e-02 -2.518936141e-02 2.938679541e-02
5.849538536e-03 1.116468333e-02 1.622032986e-02 2.114316298e-02 -2.576715586e-02 3.001641717e-02
5.998272659e-03 1.144436299e-02 1.661570212e-02 2.163835197e-02 -2.633850308e-02 3.063527679e-02
6.146913088e-03 1.172354688e-02 1.700953483e-02 2.213004501e-02 -2.690326063e-02 3.124315299e-02
6.295457621e-03 1.200222314e-02 1.740179182e-02 2.261816307e-02 -2.746128777e-02 3.183982847e-02
6.443904066e-03 1.228037993e-02 1.779243710e-02 2.310262777e-02 -2.801244542e-02 3.242508993e-02
6.592250234e-03 1.255800547e-02 1.818143484e-02 2.358336129e-02 -2.855659626e-02 3.299872820e-02
6.740493944e-03 1.283508798e-02 1.856874937e-02 2.406028645e-02 -2.909360472e-02 3.356053829e-02
6.888633020e-03 1.311161572e-02 1.895434518e-02 2.453332668e-02 -2.962333705e-02 3.411031946e-02
7.036665292e-03 1.338757698e-02 1.933818693e-02 2.500240608e-02 -3.014566132e-02 3.464787529e-02
7.184588596e-03 1.366296010e-02 1.972023948e-02 2.546744937e-02 -3.066044748e-02 3.517301377e-02
7.332400775e-03 1.393775344e-02 2.010046782e-02 2.592838196e-02 -3.116756736e-02 3.568554735e-02
7.480099677e-03 1.421194538e-02 2.047883717e-02 2.638512991e-02 -3.166689473e-02 3.618529301e-02
7.627683156e-03 1.448552436e-02 2.085531290e-02 2.683762001e-02 -3.215830534e-02 3.667207231e-02
7.775149072e-03 1.475847884e-02 2.122986058e-02 2.728577970e-02 -3.264167691e-02 3.714571150e-02
7.922495292e-03 1.503079731e-02 2.160244595e-02 2.772953717e-02 -3.311688919e-02 3.760604152e-02
8.069719688e-03 1.530246831e-02 2.197303496e-02 2.816882132e-02 -3.358382398e-02 3.805289811e-02
8.216820139e-03 1.557348040e-02 2.234159376e-02 2.860356176e-02 -3.404236516e-02 3.848612185e-02
8.363794529e-03 1.584382219e-02 2.270808868e-02 2.903368889e-02 -3.449239872e-02 3.890555819e-02
8.510640747e-03 1.611348231e-02 2.307248625e-02 2.945913383e-02 -3.493381280e-02 3.931105756e-02
8.657356692e-03 1.638244945e-02 2.343475323e-02 2.987982848e-02 -3.536649770e-02 3.970247536e-02
8.803940266e-03 1.665071231e-02 2.379485656e-02 3.029570552e-02 -3.579034589e-02 4.007967208e-02
8.950389377e-03 1.691825965e-02 2.415276339e-02 3.070669841e-02 -3.620525209e-02 4.044251330e-02
9.096701941e-03 1.718508025e-02 2.450844111e-02 3.111274140e-02 -3.661111325e-02 4.079086972e-02
9.242875879e-03 1.745116295e-02 2.486185729e-02 3.151376958e-02 -3.700782859e-02 4.112461728e-02
9.388909118e-03 1.771649661e-02 2.521297974e-02 3.190971884e-02 -3.739529963e-02 4.144363714e-02
9.534799593e-03 1.798107015e-02 2.556177650e-02 3.230052588e-02 -3.777343021e-02 4.174781573e-02
9.680545242e-03 1.824487250e-02 2.590821580e-02 3.268612827e-02 -3.814212650e-02 4.203704484e-02
9.826144012e-03 1.850789265e-02 2.625226613e-02 3.306646443e-02 -3.850129705e-02 4.231122157e-02
9.971593857e-03 1.877011963e-02 2.659389620e-02 3.344147360e-02 -3.885085279e-02 4.257024845e-02
1.011689273e-02 1.903154252e-02 2.693307494e-02 3.381109593e-02 -3.919070707e-02 4.281403343e-02
1.026203861e-02 1.929215042e-02 2.726977153e-02 3.417527244e-02 -3.952077566e-02 4.304248993e-02
1.040702946e-02 1.955193249e-02 2.760395538e-02 3.453394501e-02 -3.984097679e-02 4.325553685e-02
1.055186325e-02 1.981087793e-02 2.793559615e-02 3.488705645e-02 -4.015123115e-02 4.345309862e-02
1.069653798e-02 2.006897597e-02 2.826466374e-02 3.523455046e-02 -4.045146195e-02 4.363510522e-02
1.084105163e-02 2.032621589e-02 2.859112830e-02 3.557637165e-02 -4.074159487e-02 4.380149220e-02
1.098540221e-02 2.058258704e-02 2.891496021e-02 3.591246556e-02 -4.102155815e-02 4.395220071e-02
1.112958771e-02 2.083807877e-02 2.923613012e-02 3.624277866e-02 -4.129128256e-02 4.408717749e-02
1.127360616e-02 2.109268050e-02 2.955460893e-02 3.656725836e-02 -4.155070144e-02 4.420637495e-02
1.141745556e-02 2.134638171e-02 2.987036780e-02 3.688585302e-02 -4.179975071e-02 4.430975112e-02
1.156113394e-02 2.159917188e-02 3.018337814e-02 3.719851194e-02 -4.203836888e-02 4.439726973e-02
1.170463934e-02 2.185104059e-02 3.049361164e-02 3.750518542e-02 -4.226649708e-02 4.446890014e-02
1.184796979e-02 2.210197744e-02 3.080104023e-02 3.780582469e-02 -4.248407904e-02 4.452461744e-02
1.199112334e-02 2.235197206e-02 3.110563613e-02 3.810038200e-02 -4.269106115e-02 4.456440239e-02
1.213409804e-02 2.260101417e-02 3.140737182e-02 3.838881055e-02 -4.288739244e-02 4.458824147e-02
1.227689195e-02 2.284909349e-02 3.170622004e-02 3.867106456e-02 -4.307302462e-02 4.459612684e-02
1.241950314e-02 2.309619984e-02 3.200215383e-02 3.894709923e-02 -4.324791205e-02 4.458805639e-02
1.256192967e-02 2.334232304e-02 3.229514648e-02 3.921687081e-02 -4.341201179e-02 4.456403371e-02
1.270416965e-02 2.358745300e-02 3.258517159e-02 3.948033651e-02 -4.356528359e-02 4.452406810e-02
1.284622114e-02 2.383157965e-02 3.287220301e-02 3.973745460e-02 -4.370768991e-02 4.446817457e-02
1.298808224e-02 2.407469298e-02 3.315621489e-02 3.998818436e-02 -4.383919593e-02 4.439637381e-02
1.312975106e-02 2.431678304e-02 3.343718168e-02 4.023248613e-02 -4.395976954e-02 4.430869220e-02
1.327122571e-02 2.455783993e-02 3.371507808e-02 4.047032126e-02 -4.406938136e-02 4.420516181e-02
1.341250431e-02 2.479785378e-02 3.398987913e-02 4.070165217e-02 -4.416800476e-02 4.408582037e-02
1.355358498e-02 2.503681480e-02 3.426156012e-02 4.092644232e-02 -4.425561585e-02 4.395071126e-02
1.369446585e-02 2.527471323e-02 3.453009666e-02 4.114465624e-02 -4.433219348e-02 4.379988350e-02
1.383514506e-02 2.551153939e-02 3.479546464e-02 4.135625951e-02 -4.439771927e-02 4.363339173e-02
1.397562076e-02 2.574728362e-02 3.505764028e-02 4.156121878e-02 -4.445217757e-02 4.345129617e-02
1.411589110e-02 2.598193633e-02 3.531660006e-02 4.175950179e-02 -4.449555551e-02 4.325366263e-02
1.425595425e-02 2.621548800e-02 3.557232080e-02 4.195107736e-02 -4.452784300e-02 4.304056248e-02
1.439580838e-02 2.644792914e-02 3.582477961e-02 4.213591537e-02 -4.454903269e-02 4.281207260e-02
1.453545167e-02 2.667925032e-02 3.607395391e-02 4.231398681e-02 -4.455912001e-02 4.256827536e-02
1.467488230e-02 2.690944217e-02 3.631982142e-02 4.248526375e-02 -4.455810315e-02 4.230925862e-02
1.481409846e-02 2.713849538e-02 3.656236019e-02 4.264971938e-02 -4.454598307e-02 4.203511565e-02
1.495309837e-02 2.736640069e-02 3.680154857e-02 4.280732797e-02 -4.452276352e-02 4.174594514e-02
1.509188022e-02 2.759314890e-02 3.703736524e-02 4.295806489e-02 -4.448845098e-02 4.144185113e-02
1.523044224e-02 2.781873086e-02 3.726978918e-02 4.310190665e-02 -4.444305472e-02 4.112294300e-02
1.536878265e-02 2.804313748e-02 3.749879969e-02 4.323883084e-02 -4.438658675e-02 4.078933540e-02
1.550689969e-02 2.826635973e-02 3.772437641e-02 4.336881618e-02 -4.431906187e-02 4.044114824e-02
1.564479159e-02 2.848838865e-02 3.794649929e-02 4.349184252e-02 -4.424049761e-02 4.007850663e-02
1.578245662e-02 2.870921531e-02 3.816514861e-02 4.360789081e-02 -4.415091424e-02 3.970154082e-02
1.591989302e-02 2.892883086e-02 3.838030496e-02 4.371694315e-02 -4.405033480e-02 3.931038619e-02
1.605709907e-02 2.914722651e-02 3.859194928e-02 4.381898273e-02 -4.393878505e-02 3.890518317e-02
1.619407305e-02 2.936439353e-02 3.880006283e-02 4.391399392e-02 -4.381629349e-02 3.848607720e-02
1.633081322e-02 2.958032322e-02 3.900462720e-02 4.400196217e-02 -4.368289133e-02 3.805321867e-02
1.646731790e-02 2.979500699e-02 3.920562431e-02 4.408287411e-02 -4.353861250e-02 3.760676289e-02
1.660358537e-02 3.000843627e-02 3.940303643e-02 4.415671748e-02 -4.338349364e-02 3.714686999e-02
1.673961395e-02 3.022060257e-02 3.959684614e-02 4.422348117e-02 -4.321757408e-02 3.667370492e-02
1.687540196e-02 3.043149746e-02 3.978703638e-02 4.428315518e-02 -4.304089584e-02 3.618743732e-02
1.701094772e-02 3.064111256e-02 3.997359042e-02 4.433573070e-02 -4.285350362e-02 3.568824152e-02
1.714624957e-02 3.084943957e-02 4.015649188e-02 4.438120002e-02 -4.265544476e-02 3.517629647e-02
1.728130585e-02 3.105647024e-02 4.033572470e-02 4.441955659e-02 -4.244676927e-02 3.465178562e-02
1.741611492e-02 3.126219639e-02 4.051127317e-02 4.445079500e-02 -4.222752980e-02 3.411489691e-02
1.755067513e-02 3.146660990e-02 4.068312195e-02 4.447491099e-02 -4.199778161e-02 3.356582271e-02
1.768498486e-02 3.166970270e-02 4.085125602e-02 4.449190144e-02 -4.175758258e-02 3.300475969e-02
1.781904249e-02 3.187146681e-02 4.101566070e-02 4.450176436e-02 -4.150699318e-02 3.243190880e-02
1.795284640e-02 3.207189430e-02 4.117632168e-02 4.450449893e-02 -4.124607646e-02 3.184747519e-02
1.808639499e-02 3.227097730e-02 4.133322499e-02 4.450010546e-02 -4.097489803e-02 3.125166811e-02
1.821968668e-02 3.246870801e-02 4.148635701e-02 4.448858540e-02 -4.069352606e-02 3.064470087e-02
1.835271986e-02 3.266507870e-02 4.163570446e-02 4.446994136e-02 -4.040203123e-02 3.002679074e-02
1.848549298e-02 3.286008169e-02 4.178125444e-02 4.444417707e-02 -4.010048674e-02 2.939815889e-02
1.861800446e-02 3.305370937e-02 4.192299438e-02 4.441129742e-02 -3.978896828e-02 2.875903027e-02
1.875025274e-02 3.324595423e-02 4.206091207e-02 4.437130842e-02 -3.946755401e-02 2.810963359e-02
1.888223628e-02 3.343680877e-02 4.219499565e-02 4.432421725e-02 -3.913632455e-02 2.745020118e-02
1.901395354e-02 3.362626559e-02 4.232523364e-02 4.427003220e-02 -3.879536294e-02 2.678096895e-02
1.914540299e-02 3.381431735e-02 4.245161488e-02 4.420876271e-02 -3.844475465e-02 2.610217628e-02
1.927658311e-02 3.400095679e-02 4.257412861e-02 4.414041935e-02 -3.808458751e-02 2.541406594e-02
1.940749238e-02 3.418617669e-02 4.269276439e-02 4.406501382e-02 -3.771495174e-02 2.471688400e-02
1.953812931e-02 3.436996992e-02 4.280751217e-02 4.398255894e-02 -3.733593990e-02 2.401087977e-02
1.966849241e-02 3.455232940e-02 4.291836224e-02 4.389306869e-02 -3.694764686e-02 2.329630564e-02
1.979858018e-02 3.473324814e-02 4.302530526e-02 4.379655814e-02 -3.655016979e-02 2.257341708e-02
1.992839117e-02 3.491271920e-02 4.312833225e-02 4.369304350e-02 -3.614360814e-02 2.184247248e-02
2.005792390e-02 3.509073572e-02 4.322743459e-02 4.358254209e-02 -3.572806359e-02 2.110373308e-02
2.018717692e-02 3.526729090e-02 4.332260403e-02 4.346507236e-02 -3.530364005e-02 2.035746289e-02
2.031614879e-02 3.544237802e-02 4.341383268e-02 4.334065385e-02 -3.487044362e-02 1.960392858e-02
2.044483807e-02 3.561599040e-02 4.350111302e-02 4.320930723e-02 -3.442858258e-02 1.884339936e-02
2.057324333e-02 3.578812148e-02 4.358443787e-02 4.307105426e-02 -3.397816733e-02 1.807614696e-02
2.070136317e-02 3.595876472e-02 4.366380045e-02 4.292591782e-02 -3.351931039e-02 1.730244543e-02
2.082919617e-02 3.612791368e-02 4.373919432e-02 4.277392187e-02 -3.305212636e-02 1.652257113e-02
2.095674094e-02 3.629556199e-02 4.381061342e-02 4.261509147e-02 -3.257673190e-02 1.573680258e-02
2.108399609e-02 3.646170333e-02 4.387805206e-02 4.244945276e-02 -3.209324569e-02 1.494542038e-02
2.121096025e-02 3.662633146e-02 4.394150488e-02 4.227703298e-02 -3.160178840e-02 1.414870710e-02
2.133763204e-02 3.678944022e-02 4.400096695e-02 4.209786044e-02 -3.110248267e-02 1.334694719e-02
2.146401012e-02 3.695102352e-02 4.405643364e-02 4.191196453e-02 -3.059545308e-02 1.254042687e-02
2.159009313e-02 3.711107532e-02 4.410790074e-02 4.171937569e-02 -3.008082610e-02 1.172943403e-02
2.171587975e-02 3.726958969e-02 4.415536437e-02 4.152012546e-02 -2.955873006e-02 1.091425812e-02
2.184136863e-02 3.742656072e-02 4.419882106e-02 4.131424641e-02 -2.902929516e-02 1.009519006e-02
2.196655846e-02 3.758198263e-02 4.423826765e-02 4.110177217e-02 -2.849265337e-02 9.272522126e-03
2.209144794e-02 3.773584966e-02 4.427370141e-02 4.088273742e-02 -2.794893845e-02 8.446547843e-03
2.221603577e-02 3.788815615e-02 4.430511992e-02 4.065717788e-02 -2.739828589e-02 7.617561892e-03
2.234032065e-02 3.803889651e-02 4.433252118e-02 4.042513031e-02 -2.684083289e-02 6.785859995e-03
2.246430132e-02 3.818806523e-02 4.435590352e-02 4.018663248e-02 -2.627671832e-02 5.951738811e-03
2.258797651e-02 3.833565684e-02 4.437526565e-02 3.994172322e-02 -2.570608267e-02 5.115495832e-03
2.271134495e-02 3.848166598e-02 4.439060665e-02 3.969044234e-02 -2.512906803e-02 4.277429274e-03
2.283440540e-02 3.862608734e-02 4.440192598e-02 3.943283067e-02 -2.454581808e-02 3.437837973e-03
2.295715663e-02 3.876891570e-02 4.440922343e-02 3.916893005e-02 -2.395647799e-02 2.597021278e-03
2.307959740e-02 3.891014590e-02 4.441249920e-02 3.889878332e-02 -2.336119444e-02 1.755278939e-03
2.320172650e-02 3.904977285e-02 4.441175383e-02 3.862243428e-02 -2.276011557e-02 9.129110101e-04
2.332354272e-02 3.918779155e-02 4.440698823e-02 3.833992775e-02 -2.215339092e-02 7.021773161e-05
2.344504486e-02 3.932419707e-02 4.439820369e-02 3.805130948e-02 -2.154117141e-02 -7.725005702e-04
2.356623174e-02 3.945898453e-02 4.438540185e-02 3.775662622e-02 -2.092360931e-02 -1.614943593e-03
2.368710219e-02 3.959214917e-02 4.436858472e-02 3.745592567e-02 -2.030085820e-02 -2.456811164e-03
2.380765503e-02 3.972368625e-02 4.434775468e-02 3.714925647e-02 -1.967307289e-02 -3.297803350e-03
2.392788910e-02 3.985359114e-02 4.432291446e-02 3.683666820e-02 -1.904040945e-02 -4.137620560e-03
2.404780328e-02 3.998185928e-02 4.429406719e-02 3.651821139e-02 -1.840302513e-02 -4.975963655e-03
2.416739640e-02 4.010848617e-02 4.426121632e-02 3.619393747e-02 -1.776107831e-02 -5.812534056e-03
2.428666736e-02 4.023346740e-02 4.422436568e-02 3.586389881e-02 -1.711472850e-02 -6.647033845e-03
2.440561504e-02 4.035679863e-02 4.418351948e-02 3.552814868e-02 -1.646413625e-02 -7.479165877e-03
2.452423832e-02 4.047847559e-02 4.413868226e-02 3.518674125e-02 -1.580946317e-02 -8.308633884e-03
2.464253612e-02 4.059849409e-02 4.408985895e-02 3.483973156e-02 -1.515087183e-02 -9.135142576e-03
2.476050736e-02 4.071685001e-02 4.403705482e-02 3.448717555e-02 -1.448852575e-02 -9.958397755e-03
2.487815095e-02 4.083353931e-02 4.398027551e-02 3.412913003e-02 -1.382258937e-02 -1.077810641e-02
2.499546583e-02 4.094855801e-02 4.391952701e-02 3.376565267e-02 -1.315322798e-02 -1.159397683e-02
2.511245096e-02 4.106190224e-02 4.385481569e-02 3.339680198e-02 -1.248060770e-02 -1.240571871e-02
2.522910528e-02 4.117356816e-02 4.378614825e-02 3.302263734e-02 -1.180489543e-02 -1.321304322e-02
2.534542776e-02 4.128355205e-02 4.371353176e-02 3.264321892e-02 -1.112625881e-02 -1.401566317e-02
2.546141738e-02 4.139185022e-02 4.363697364e-02 3.225860776e-02 -1.044486617e-02 -1.481329307e-02
2.557707313e-02 4.149845909e-02 4.355648168e-02 3.186886568e-02 -9.760886509e-03 -1.560564923e-02
2.569239401e-02 4.160337515e-02 4.347206400e-02 3.147405531e-02 -9.074489434e-03 -1.639244986e-02
2.580737902e-02 4.170659494e-02 4.338372909e-02 3.107424008e-02 -8.385845121e-03 -1.717341521e-02
2.592202718e-02 4.180811511e-02 4.329148578e-02 3.066948418e-02 -7.695124280e-03 -1.794826761e-02
2.603633751e-02 4.190793237e-02 4.319534327e-02 3.025985260e-02 -7.002498103e-03 -1.871673162e-02
2.615030907e-02 4.200604349e-02 4.309531109e-02 2.984541107e-02 -6.308138230e-03 -1.947853410e-02
2.626394090e-02 4.210244534e-02 4.299139912e-02 2.942622607e-02 -5.612216700e-03 -2.023340431e-02
2.637723205e-02 4.219713486e-02 4.288361760e-02 2.900236484e-02 -4.914905911e-03 -2.098107401e-02
2.649018160e-02 4.229010906e-02 4.277197709e-02 2.857389531e-02 -4.216378577e-03 -2.172127755e-02
2.660278862e-02 4.238136502e-02 4.265648854e-02 2.814088616e-02 -3.516807687e-03 -2.245375197e-02
2.671505222e-02 4.247089991e-02 4.253716320e-02 2.770340675e-02 -2.816366455e-03 -2.317823710e-02
2.682697148e-02 4.255871096e-02 4.241401267e-02 2.726152715e-02 -2.115228285e-03 -2.389447563e-02
2.693854551e-02 4.264479549e-02 4.228704892e-02 2.681531812e-02 -1.413566726e-03 -2.460221323e-02
2.704977345e-02 4.272915089e-02 4.215628422e-02 2.636485105e-02 -7.115554232e-04 -2.530119861e-02
2.716065442e-02 4.281177463e-02 4.202173121e-02 2.591019804e-02 -9.368083670e-06 -2.599118363e-02
2.727118756e-02 4.289266423e-02 4.188340285e-02 2.545143181e-02 6.928215734e-04 -2.667192339e-02
2.738137202e-02 4.297181733e-02 4.174131243e-02 2.498862571e-02 1.394839857e-03 -2.734317630e-02
2.749120697e-02 4.304923160e-02 4.159547359e-02 2.452185372e-02 2.096513147e-03 -2.800470417e-02
2.760069158e-02 4.312490482e-02 4.144590030e-02 2.405119044e-02 2.797667939e-03 -2.865627229e-02
2.770982503e-02 4.319883483e-02 4.129260686e-02 2.357671106e-02 3.498130885e-03 -2.929764956e-02
2.781860651e-02 4.327101954e-02 4.113560788e-02 2.309849135e-02 4.197728840e-03 -2.992860848e-02
2.792703523e-02 4.334145696e-02 4.097491832e-02 2.261660767e-02 4.896288899e-03 -3.054892532e-02
2.803511039e-02 4.341014514e-02 4.081055346e-02 2.213113694e-02 5.593638446e-03 -3.115838015e-02
2.814283123e-02 4.347708223e-02 4.064252890e-02 2.164215661e-02 6.289605193e-03 -3.175675693e-02
2.825019697e-02 4.354226645e-02 4.047086057e-02 2.114974469e-02 6.984017223e-03 -3.234384357e-02
2.835720686e-02 4.360569609e-02 4.029556472e-02 2.065397971e-02 7.676703033e-03 -3.291943205e-02
2.846386016e-02 4.366736953e-02 4.011665792e-02 2.015494069e-02 8.367491577e-03 -3.348331844e-02
2.857015611e-02 4.372728520e-02 3.993415704e-02 1.965270718e-02 9.056212308e-03 -3.403530301e-02
2.867609401e-02 4.378544162e-02 3.974807930e-02 1.914735919e-02 9.742695217e-03 -3.457519027e-02
2.878167313e-02 4.384183740e-02 3.955844220e-02 1.863897722e-02 1.042677088e-02 -3.510278907e-02
2.888689277e-02 4.389647119e-02 3.936526357e-02 1.812764222e-02 1.110827050e-02 -3.561791264e-02
2.899175223e-02 4.394934174e-02 3.916856154e-02 1.761343559e-02 1.178702594e-02 -3.612037867e-02
2.909625082e-02 4.400044787e-02 3.896835457e-02 1.709643917e-02 1.246286977e-02 -3.661000938e-02
2.920038788e-02 4.404978847e-02 3.876466140e-02 1.657673521e-02 1.313563532e-02 -3.708663156e-02
2.930416272e-02 4.409736251e-02 3.855750110e-02 1.605440637e-02 1.380515669e-02 -3.755007665e-02
2.940757470e-02 4.414316904e-02 3.834689301e-02 1.552953571e-02 1.447126884e-02 -3.800018079e-02
2.951062317e-02 4.418720716e-02 3.813285680e-02 1.500220665e-02 1.513380757e-02 -3.843678490e-02
2.961330750e-02 4.422947606e-02 3.791541243e-02 1.447250301e-02 1.579260960e-02 -3.885973469e-02
2.971562705e-02 4.426997502e-02 3.769458015e-02 1.394050895e-02 1.644751262e-02 -3.926888076e-02
2.981758121e-02 4.430870337e-02 3.747038051e-02 1.340630894e-02 1.709835530e-02 -3.966407861e-02
2.991916938e-02 4.434566052e-02 3.724283435e-02 1.286998783e-02 1.774497732e-02 -4.004518874e-02
3.002039095e-02 4.438084595e-02 3.701196281e-02 1.233163073e-02 1.838721947e-02 -4.041207665e-02
3.012124534e-02 4.441425924e-02 3.677778730e-02 1.179132310e-02 1.902492362e-02 -4.076461293e-02
3.022173198e-02 4.444590001e-02 3.654032952e-02 1.124915064e-02 1.965793280e-02 -4.110267326e-02
3.032185029e-02 4.447576796e-02 3.629961148e-02 1.070519934e-02 2.028609123e-02 -4.142613848e-02
3.042159971e-02 4.450386289e-02 3.605565543e-02 1.015955547e-02 2.090924433e-02 -4.173489466e-02
3.052097971e-02 4.453018463e-02 3.580848393e-02 9.612305501e-03 2.152723883e-02 -4.202883306e-02
3.061998973e-02 4.455473312e-02 3.555811980e-02 9.063536168e-03 2.213992272e-02 -4.230785025e-02
3.071862925e-02 4.457750836e-02 3.530458615e-02 8.513334407e-03 2.274714534e-02 -4.257184810e-02
3.081689776e-02 4.459851042e-02 3.504790635e-02 7.961787361e-03 2.334875740e-02 -4.282073382e-02
3.091479474e-02 4.461773944e-02 3.478810405e-02 7.408982361e-03 2.394461104e-02 -4.305442001e-02
3.101231969e-02 4.463519564e-02 3.452520315e-02 6.855006913e-03 2.453455982e-02 -4.327282466e-02
3.110947212e-02 4.465087931e-02 3.425922783e-02 6.299948683e-03 2.511845880e-02 -4.347587121e-02
3.120625155e-02 4.466479081e-02 3.399020254e-02 5.743895484e-03 2.569616456e-02 -4.366348855e-02
3.130265751e-02 4.467693058e-02 3.371815197e-02 5.186935261e-03 2.626753523e-02 -4.383561106e-02
3.139868953e-02 4.468729911e-02 3.344310108e-02 4.629156080e-03 2.683243051e-02 -4.399217862e-02
3.149434717e-02 4.469589699e-02 3.316507509e-02 4.070646109e-03 2.739071175e-02 -4.413313666e-02
3.158962998e-02 4.470272487e-02 3.288409945e-02 3.511493610e-03 2.794224194e-02 -4.425843614e-02
3.168453752e-02 4.470778346e-02 3.260019990e-02 2.951786918e-03 2.848688576e-02 -4.436803357e-02
3.177906936e-02 4.471107355e-02 3.231340240e-02 2.391614434e-03 2.902450962e-02 -4.446189106e-02
3.187322511e-02 4.471259602e-02 3.202373315e-02 1.831064606e-03 2.955498167e-02 -4.453997630e-02
3.196700434e-02 4.471235178e-02 3.173121862e-02 1.270225916e-03 3.007817185e-02 -4.460226257e-02
3.206040666e-02 4.471034184e-02 3.143588549e-02 7.091868696e-04 3.059395194e-02 -4.464872878e-02
3.215343168e-02 4.470656729e-02 3.113776070e-02 1.480359762e-04 3.110219554e-02 -4.467935943e-02
3.224607902e-02 4.470102925e-02 3.083687142e-02 -4.131382609e-04 3.160277815e-02 -4.469414467e-02
3.233834831e-02 4.469372895e-02 3.053324505e-02 -9.742473598e-04 3.209557716e-02 -4.469308023e-02
3.243023920e-02 4.468466766e-02 3.022690921e-02 -1.535202874e-03 3.258047193e-02 -4.467616749e-02
3.252175132e-02 4.467384675e-02 2.991789177e-02 -2.095916406e-03 3.305734375e-02 -4.464341344e-02
3.261288434e-02 4.466126763e-02 2.960622081e-02 -2.656299622e-03 3.352607593e-02 -4.459483070e-02
3.270363792e-02 4.464693179e-02 2.929192463e-02 -3.216264264e-03 3.398655382e-02 -4.453043749e-02
3.279401173e-02 4.463084080e-02 2.897503176e-02 -3.775722167e-03 3.443866479e-02 -4.445025763e-02
3.288400546e-02 4.461299629e-02 2.865557093e-02 -4.334585270e-03 3.488229832e-02 -4.435432053e-02
3.297361880e-02 4.459339996e-02 2.833357109e-02 -4.892765629e-03 3.531734598e-02 -4.424266121e-02
3.306285146e-02 4.457205357e-02 2.800906142e-02 -5.450175436e-03 3.574370147e-02 -4.411532022e-02
3.315170313e-02 4.454895895e-02 2.768207129e-02 -6.006727026e-03 3.616126067e-02 -4.397234369e-02
3.324017355e-02 4.452411801e-02 2.735263027e-02 -6.562332897e-03 3.656992162e-02 -4.381378328e-02
3.332826242e-02 4.449753273e-02 2.702076813e-02 -7.116905717e-03 3.696958459e-02 -4.363969616e-02
3.341596950e-02 4.446920513e-02 2.668651487e-02 -7.670358347e-03 3.736015206e-02 -4.345014501e-02
3.350329453e-02 4.443913732e-02 2.634990066e-02 -8.222603844e-03 3.774152878e-02 -4.324519796e-02
3.359023725e-02 4.440733148e-02 2.601095587e-02 -8.773555482e-03 3.811362177e-02 -4.302492861e-02
3.367679743e-02 4.437378984e-02 2.566971106e-02 -9.323126764e-03 3.847634037e-02 -4.278941595e-02
3.376297483e-02 4.433851472e-02 2.532619698e-02 -9.871231434e-03 3.882959622e-02 -4.253874440e-02
3.384876924e-02 4.430150848e-02 2.498044456e-02 -1.041778349e-02 3.917330332e-02 -4.227300371e-02
3.393418044e-02 4.426277355e-02 2.463248493e-02 -1.096269720e-02 3.950737801e-02 -4.199228897e-02
3.401920822e-02 4.422231245e-02 2.428234938e-02 -1.150588712e-02 3.983173904e-02 -4.169670054e-02
3.410385238e-02 4.418012774e-02 2.393006938e-02 -1.204726809e-02 4.014630754e-02 -4.138634407e-02
3.418811274e-02 4.413622206e-02 2.357567658e-02 -1.258675527e-02 4.045100710e-02 -4.106133040e-02
3.427198911e-02 4.409059811e-02 2.321920280e-02 -1.312426412e-02 4.074576370e-02 -4.072177556e-02
3.435548132e-02 4.404325865e-02 2.286068003e-02 -1.365971047e-02 4.103050581e-02 -4.036780071e-02
3.443858921e-02 4.399420651e-02 2.250014041e-02 -1.419301048e-02 4.130516437e-02 -3.999953210e-02
3.452131261e-02 4.394344458e-02 2.213761626e-02 -1.472408066e-02 4.156967279e-02 -3.961710103e-02
3.460365137e-02 4.389097583e-02 2.177314005e-02 -1.525283791e-02 4.182396702e-02 -3.922064378e-02
3.468560535e-02 4.383680326e-02 2.140674441e-02 -1.577919951e-02 4.206798551e-02 -3.881030160e-02
3.476717443e-02 4.378092997e-02 2.103846210e-02 -1.630308314e-02 4.230166925e-02 -3.838622063e-02
3.484835846e-02 4.372335911e-02 2.066832608e-02 -1.682440689e-02 4.252496177e-02 -3.794855186e-02
3.492915734e-02 4.366409388e-02 2.029636940e-02 -1.734308930e-02 4.273780917e-02 -3.749745105e-02
3.500957095e-02 4.360313756e-02 1.992262529e-02 -1.785904931e-02 4.294016014e-02 -3.703307871e-02
3.508959918e-02 4.354049349e-02 1.954712711e-02 -1.837220632e-02 4.313196593e-02 -3.655560004e-02
3.516924194e-02 4.347616506e-02 1.916990835e-02 -1.888248022e-02 4.331318040e-02 -3.606518482e-02
3.524849914e-02 4.341015572e-02 1.879100265e-02 -1.938979135e-02 4.348376003e-02 -3.556200741e-02
3.532737070e-02 4.334246902e-02 1.841044378e-02 -1.989406053e-02 4.364366390e-02 -3.504624668e-02
3.540585654e-02 4.327310852e-02 1.802826561e-02 -2.039520911e-02 4.379285373e-02 -3.451808589e-02
3.548395660e-02 4.320207786e-02 1.764450217e-02 -2.089315892e-02 4.393129386e-02 -3.397771269e-02
3.556167082e-02 4.312938077e-02 1.725918760e-02 -2.138783234e-02 4.405895131e-02 -3.342531902e-02
3.563899914e-02 4.305502099e-02 1.687235616e-02 -2.187915226e-02 4.417579571e-02 -3.286110105e-02
3.571594151e-02 4.297900235e-02 1.648404221e-02 -2.236704215e-02 4.428179937e-02 -3.228525910e-02
3.579249791e-02 4.290132875e-02 1.609428025e-02 -2.285142599e-02 4.437693726e-02 -3.169799758e-02
3.586866829e-02 4.282200411e-02 1.570310486e-02 -2.333222839e-02 4.446118703e-02 -3.109952492e-02
3.594445263e-02 4.274103246e-02 1.531055076e-02 -2.380937450e-02 4.453452899e-02 -3.049005348e-02
3.601985092e-02 4.265841784e-02 1.491665275e-02 -2.428279008e-02 4.459694613e-02 -2.986979949e-02
3.609486314e-02 4.257416439e-02 1.452144573e-02 -2.475240148e-02 4.464842414e-02 -2.923898295e-02
3.616948929e-02 4.248827627e-02 1.412496470e-02 -2.521813570e-02 4.468895138e-02 -2.859782758e-02
3.624372936e-02 4.240075773e-02 1.372724477e-02 -2.567992033e-02 4.471851888e-02 -2.794656073e-02
3.631758338e-02 4.231161307e-02 1.332832112e-02 -2.613768362e-02 4.473712040e-02 -2.728541327e-02
3.639105135e-02 4.222084663e-02 1.292822903e-02 -2.659135446e-02 4.474475236e-02 -2.661461958e-02
3.646413329e-02 4.212846283e-02 1.252700385e-02 -2.704086240e-02 4.474141386e-02 -2.593441737e-02
3.653682924e-02 4.203446613e-02 1.212468103e-02 -2.748613768e-02 4.472710673e-02 -2.524504769e-02
3.660913922e-02 4.193886106e-02 1.172129608e-02 -2.792711120e-02 4.470183544e-02 -2.454675476e-02
3.668106328e-02 4.184165220e-02 1.131688460e-02 -2.836371455e-02 4.466560717e-02 -2.383978596e-02
3.675260147e-02 4.174284418e-02 1.091148226e-02 -2.879588003e-02 4.461843180e-02 -2.312439166e-02
3.682375383e-02 4.164244170e-02 1.050512479e-02 -2.922354067e-02 4.456032184e-02 -2.240082523e-02
3.689452043e-02 4.154044949e-02 1.009784799e-02 -2.964663020e-02 4.449129253e-02 -2.166934286e-02
3.696490133e-02 4.143687237e-02 9.689687726e-03 -3.006508308e-02 4.441136176e-02 -2.093020350e-02
3.703489661e-02 4.133171518e-02 9.280679915e-03 -3.047883452e-02 4.432055006e-02 -2.018366880e-02
3.710450634e-02 4.122498285e-02 8.870860537e-03 -3.088782050e-02 4.421888066e-02 -1.943000297e-02
3.717373060e-02 4.111668033e-02 8.460265622e-03 -3.129197774e-02 4.410637944e-02 -1.866947271e-02
3.724256948e-02 4.100681264e-02 8.048931250e-03 -3.169124372e-02 4.398307490e-02 -1.790234712e-02
3.731102308e-02 4.089538486e-02 7.636893549e-03 -3.208555674e-02 4.384899820e-02 -1.712889758e-02
3.737909149e-02 4.078240211e-02 7.224188687e-03 -3.247485586e-02 4.370418313e-02 -1.634939769e-02
3.744677483e-02 4.066786956e-02 6.810852876e-03 -3.285908095e-02 4.354866610e-02 -1.556412314e-02
3.751407319e-02 4.055179245e-02 6.396922362e-03 -3.323817269e-02 4.338248613e-02 -1.477335163e-02
3.758098671e-02 4.043417607e-02 5.982433427e-03 -3.361207256e-02 4.320568484e-02 -1.397736275e-02
3.764751550e-02 4.031502573e-02 5.567422381e-03 -3.398072288e-02 4.301830645e-02 -1.317643792e-02
3.771365968e-02 4.019434684e-02 5.151925564e-03 -3.434406682e-02 4.282039776e-02 -1.237086027e-02
3.777941940e-02 4.007214482e-02 4.735979340e-03 -3.470204836e-02 4.261200812e-02 -1.156091452e-02
3.784479478e-02 3.994842516e-02 4.319620093e-03 -3.505461236e-02 4.239318946e-02 -1.074688690e-02
3.790978597e-02 3.982319341e-02 3.902884227e-03 -3.540170452e-02 4.216399624e-02 -9.929065067e-03
3.797439312e-02 3.969645515e-02 3.485808157e-03 -3.574327141e-02 4.192448543e-02 -9.107737954e-03
3.803861638e-02 3.956821601e-02 3.068428314e-03 -3.607926050e-02 4.167471655e-02 -8.283195713e-03
3.810245590e-02 3.943848169e-02 2.650781136e-03 -3.640962010e-02 4.141475158e-02 -7.455729592e-03
3.816591186e-02 3.930725793e-02 2.232903067e-03 -3.673429944e-02 4.114465501e-02 -6.625631835e-03
3.822898441e-02 3.917455050e-02 1.814830551e-03 -3.705324865e-02 4.086449379e-02 -5.793195581e-03
3.829167373e-02 3.904036524e-02 1.396600033e-03 -3.736641875e-02 4.057433729e-02 -4.958714758e-03
3.835398000e-02 3.890470804e-02 9.782479558e-04 -3.767376169e-02 4.027425735e-02 -4.122483979e-03
3.841590338e-02 3.876758482e-02 5.598107519e-04 -3.797523032e-02 3.996432821e-02 -3.284798441e-03
3.847744408e-02 3.862900157e-02 1.413248454e-04 -3.827077843e-02 3.964462649e-02 -2.445953819e-03
3.853860228e-02 3.848896430e-02 -2.771733532e-04 -3.856036075e-02 3.931523120e-02 -1.606246161e-03
3.859937817e-02 3.834747910e-02 -6.956474496e-04 -3.884393293e-02 3.897622369e-02 -7.659717847e-04
3.865977196e-02 3.820455207e-02 -1.114061069e-03 -3.912145159e-02 3.862768766e-02 7.457282697e-05
3.871978383e-02 3.806018938e-02 -1.532377860e-03 -3.939287427e-02 3.826970912e-02 9.150911308e-04
3.877941401e-02 3.791439725e-02 -1.950561496e-03 -3.965815951e-02 3.790237636e-02 1.755286628e-03
3.883866269e-02 3.776718192e-02 -2.368575679e-03 -3.991726679e-02 3.752577995e-02 2.594862967e-03
3.889753010e-02 3.761854971e-02 -2.786384143e-03 -4.017015655e-02 3.714001271e-02 3.433524050e-03
3.895601646e-02 3.746850695e-02 -3.203950657e-03 -4.041679024e-02 3.674516966e-02 4.270974137e-03
3.901412198e-02 3.731706004e-02 -3.621239027e-03 -4.065713027e-02 3.634134806e-02 5.106917948e-03
3.907184688e-02 3.716421541e-02 -4.038213103e-03 -4.089114004e-02 3.592864730e-02 5.941060768e-03
3.912919141e-02 3.700997954e-02 -4.454836774e-03 -4.111878395e-02 3.550716895e-02 6.773108552e-03
3.918615579e-02 3.685435895e-02 -4.871073982e-03 -4.134002738e-02 3.507701670e-02 7.602768025e-03
3.924274026e-02 3.669736021e-02 -5.286888713e-03 -4.155483673e-02 3.463829633e-02 8.429746790e-03
3.929894506e-02 3.653898993e-02 -5.702245011e-03 -4.176317941e-02 3.419111572e-02 9.253753425e-03
3.935477044e-02 3.637925475e-02 -6.117106973e-03 -4.196502382e-02 3.373558475e-02 1.007449759e-02
3.941021663e-02 3.621816137e-02 -6.531438756e-03 -4.216033941e-02 3.327181537e-02 1.089169013e-02
3.946528389e-02 3.605571653e-02 -6.945204580e-03 -4.234909661e-02 3.279992148e-02 1.170504317e-02
3.951997247e-02 3.589192700e-02 -7.358368729e-03 -4.253126692e-02 3.232001897e-02 1.251427022e-02
3.957428263e-02 3.572679959e-02 -7.770895555e-03 -4.270682283e-02 3.183222565e-02 1.331908629e-02
3.962821463e-02 3.556034118e-02 -8.182749481e-03 -4.287573788e-02 3.133666123e-02 1.411920794e-02
3.968176872e-02 3.539255865e-02 -8.593895005e-03 -4.303798665e-02 3.083344733e-02 1.491435346e-02
3.973494518e-02 3.522345894e-02 -9.004296700e-03 -4.319354476e-02 3.032270736e-02 1.570424289e-02
3.978774428e-02 3.505304904e-02 -9.413919220e-03 -4.334238885e-02 2.980456660e-02 1.648859816e-02
3.984016627e-02 3.488133597e-02 -9.822727302e-03 -4.348449664e-02 2.927915208e-02 1.726714320e-02
3.989221144e-02 3.470832677e-02 -1.023068577e-02 -4.361984688e-02 2.874659260e-02 1.803960399e-02
3.994388006e-02 3.453402855e-02 -1.063775953e-02 -4.374841938e-02 2.820701866e-02 1.880570870e-02
3.999517240e-02 3.435844845e-02 -1.104391358e-02 -4.387019499e-02 2.766056247e-02 1.956518775e-02
4.004608876e-02 3.418159363e-02 -1.144911303e-02 -4.398515563e-02 2.710735789e-02 2.031777395e-02
4.009662941e-02 3.400347131e-02 -1.185332307e-02 -4.409328429e-02 2.654754039e-02 2.106320253e-02
4.014679463e-02 3.382408873e-02 -1.225650898e-02 -4.419456500e-02 2.598124706e-02 2.180121129e-02
4.019658472e-02 3.364345319e-02 -1.265863617e-02 -4.428898286e-02 2.540861651e-02 2.253154068e-02
4.024599996e-02 3.346157201e-02 -1.305967013e-02 -4.437652405e-02 2.482978890e-02 2.325393386e-02
4.029504064e-02 3.327845253e-02 -1.345957649e-02 -4.445717580e-02 2.424490587e-02 2.396813681e-02
4.034370706e-02 3.309410217e-02 -1.385832095e-02 -4.453092642e-02 2.365411050e-02 2.467389844e-02
4.039199952e-02 3.290852835e-02 -1.425586935e-02 -4.459776529e-02 2.305754731e-02 2.537097064e-02
4.043991830e-02 3.272173854e-02 -1.465218765e-02 -4.465768284e-02 2.245536219e-02 2.605910839e-02
4.048746372e-02 3.253374025e-02 -1.504724191e-02 -4.471067061e-02 2.184770237e-02 2.673806984e-02
4.053463606e-02 3.234454100e-02 -1.544099834e-02 -4.475672119e-02 2.123471641e-02 2.740761639e-02
4.058143564e-02 3.215414837e-02 -1.583342324e-02 -4.479582824e-02 2.061655412e-02 2.806751278e-02
4.062786275e-02 3.196256998e-02 -1.622448307e-02 -4.482798651e-02 1.999336657e-02 2.871752717e-02
4.067391770e-02 3.176981345e-02 -1.661414440e-02 -4.485319182e-02 1.936530602e-02 2.935743123e-02
4.071960080e-02 3.157588646e-02 -1.700237395e-02 -4.487144106e-02 1.873252589e-02 2.998700018e-02
4.076491235e-02 3.138079672e-02 -1.738913855e-02 -4.488273220e-02 1.809518073e-02 3.060601294e-02
4.080985267e-02 3.118455197e-02 -1.777440520e-02 -4.488706428e-02 1.745342618e-02 3.121425213e-02
4.085442206e-02 3.098715998e-02 -1.815814101e-02 -4.488443743e-02 1.680741894e-02 3.181150420e-02
4.089862083e-02 3.078862856e-02 -1.854031326e-02 -4.487485284e-02 1.615731669e-02 3.239755948e-02
4.094244930e-02 3.058896554e-02 -1.892088936e-02 -4.485831278e-02 1.550327813e-02 3.297221226e-02
4.098590778e-02 3.038817880e-02 -1.929983688e-02 -4.483482058e-02 1.484546284e-02 3.353526086e-02
4.102899659e-02 3.018627623e-02 -1.967712353e-02 -4.480438067e-02 1.418403135e-02 3.408650769e-02
4.107171604e-02 2.998326576e-02 -2.005271718e-02 -4.476699853e-02 1.351914500e-02 3.462575936e-02
4.111406644e-02 2.977915537e-02 -2.042658586e-02 -4.472268070e-02 1.285096599e-02 3.515282668e-02
4.115604811e-02 2.957395303e-02 -2.079869775e-02 -4.467143483e-02 1.217965726e-02 3.566752478e-02
4.119766138e-02 2.936766677e-02 -2.116902120e-02 -4.461326960e-02 1.150538252e-02 3.616967315e-02
4.123890655e-02 2.916030465e-02 -2.153752472e-02 -4.454819476e-02 1.082830615e-02 3.665909573e-02
4.127978394e-02 2.895187474e-02 -2.190417700e-02 -4.447622114e-02 1.014859320e-02 3.713562092e-02
4.132029387e-02 2.874238517e-02 -2.226894686e-02 -4.439736062e-02 9.466409358e-03 3.759908168e-02
4.136043667e-02 2.853184405e-02 -2.263180334e-02 -4.431162613e-02 8.781920860e-03 3.804931559e-02
4.140021265e-02 2.832025958e-02 -2.299271562e-02 -4.421903168e-02 8.095294494e-03 3.848616489e-02
4.143962212e-02 2.810763994e-02 -2.335165309e-02 -4.411959232e-02 7.406697545e-03 3.890947652e-02
4.147866541e-02 2.789399336e-02 -2.370858527e-02 -4.401332415e-02 6.716297752e-03 3.931910221e-02
4.151734284e-02 2.767932808e-02 -2.406348190e-02 -4.390024433e-02 6.024263271e-03 3.971489852e-02
4.155565473e-02 2.746365240e-02 -2.441631290e-02 -4.378037105e-02 5.330762632e-03 4.009672685e-02
4.159360139e-02 2.724697461e-02 -2.476704836e-02 -4.365372356e-02 4.635964702e-03 4.046445356e-02
4.163118314e-02 2.702930306e-02 -2.511565857e-02 -4.352032213e-02 3.940038638e-03 4.081794996e-02
4.166840031e-02 2.681064609e-02 -2.546211400e-02 -4.338018809e-02 3.243153852e-03 4.115709235e-02
4.170525321e-02 2.659101210e-02 -2.580638533e-02 -4.323334378e-02 2.545479964e-03 4.148176212e-02
4.174174215e-02 2.637040950e-02 -2.614844342e-02 -4.307981258e-02 1.847186768e-03 4.179184574e-02
4.177786747e-02 2.614884673e-02 -2.648825933e-02 -4.291961890e-02 1.148444183e-03 4.208723481e-02
4.181362946e-02 2.592633224e-02 -2.682580432e-02 -4.275278815e-02 4.494222204e-04 4.236782609e-02
4.184902846e-02 2.570287453e-02 -2.716104986e-02 -4.257934678e-02 -2.497090654e-04 4.263352158e-02
4.188406476e-02 2.547848211e-02 -2.749396762e-02 -4.239932225e-02 -9.487796128e-04 4.288422849e-02
4.191873870e-02 2.525316351e-02 -2.782452947e-02 -4.221274300e-02 -1.647619396e-03 4.311985932e-02
4.195305059e-02 2.502692730e-02 -2.815270749e-02 -4.201963850e-02 -2.346058464e-03 4.334033186e-02
4.198700073e-02 2.479978206e-02 -2.847847398e-02 -4.182003922e-02 -3.043926988e-03 4.354556923e-02
4.202058944e-02 2.457173639e-02 -2.880180143e-02 -4.161397660e-02 -3.741055292e-03 4.373549992e-02
4.205381703e-02 2.434279894e-02 -2.912266258e-02 -4.140148309e-02 -4.437273904e-03 4.391005779e-02
4.208668382e-02 2.411297835e-02 -2.944103035e-02 -4.118259212e-02 -5.132413592e-03 4.406918211e-02
4.211919010e-02 2.388228329e-02 -2.975687791e-02 -4.095733808e-02 -5.826305403e-03 4.421281756e-02
4.215133620e-02 2.365072248e-02 -3.007017864e-02 -4.072575636e-02 -6.518780708e-03 4.434091428e-02
4.218312241e-02 2.341830462e-02 -3.038090612e-02 -4.048788328e-02 -7.209671242e-03 4.445342786e-02
4.221454904e-02 2.318503846e-02 -3.068903419e-02 -4.024375615e-02 -7.898809141e-03 4.455031937e-02
4.224561640e-02 2.295093277e-02 -3.099453690e-02 -3.999341323e-02 -8.586026987e-03 4.463155536e-02
4.227632478e-02 2.271599633e-02 -3.129738853e-02 -3.973689372e-02 -9.271157844e-03 4.469710789e-02
4.230667450e-02 2.248023795e-02 -3.159756360e-02 -3.947423777e-02 -9.954035303e-03 4.474695450e-02
4.233666585e-02 2.224366645e-02 -3.189503684e-02 -3.920548645e-02 -1.063449352e-02 4.478107829e-02
4.236629913e-02 2.200629067e-02 -3.218978324e-02 -3.893068177e-02 -1.131236725e-02 4.479946783e-02
4.239557463e-02 2.176811950e-02 -3.248177802e-02 -3.864986668e-02 -1.198749190e-02 4.480211725e-02
4.242449265e-02 2.152916181e-02 -3.277099662e-02 -3.836308502e-02 -1.265970356e-02 4.478902619e-02
4.245305348e-02 2.128942651e-02 -3.305741475e-02 -3.807038154e-02 -1.332883903e-02 4.476019981e-02
4.248125742e-02 2.104892253e-02 -3.334100835e-02 -3.777180190e-02 -1.399473590e-02 4.471564882e-02
4.250910476e-02 2.080765881e-02 -3.362175359e-02 -3.746739266e-02 -1.465723253e-02 4.465538939e-02
4.253659577e-02 2.056564432e-02 -3.389962691e-02 -3.715720127e-02 -1.531616814e-02 4.457944327e-02
4.256373075e-02 2.032288802e-02 -3.417460497e-02 -3.684127603e-02 -1.597138284e-02 4.448783766e-02
4.259050998e-02 2.007939894e-02 -3.444666471e-02 -3.651966615e-02 -1.662271762e-02 4.438060528e-02
4.261693374e-02 1.983518608e-02 -3.471578329e-02 -3.619242168e-02 -1.727001447e-02 4.425778431e-02
4.264300231e-02 1.959025847e-02 -3.498193816e-02 -3.585959353e-02 -1.791311634e-02 4.411941843e-02
4.266871597e-02 1.934462518e-02 -3.524510699e-02 -3.552123347e-02 -1.855186722e-02 4.396555673e-02
4.269407499e-02 1.909829527e-02 -3.550526772e-02 -3.517739411e-02 -1.918611219e-02 4.379625377e-02
4.271907965e-02 1.885127783e-02 -3.576239855e-02 -3.482812888e-02 -1.981569741e-02 4.361156950e-02
4.274373020e-02 1.860358196e-02 -3.601647794e-02 -3.447349204e-02 -2.044047020e-02 4.341156926e-02
4.276802693e-02 1.835521678e-02 -3.626748460e-02 -3.411353867e-02 -2.106027905e-02 4.319632378e-02
4.279197009e-02 1.810619142e-02 -3.651539752e-02 -3.374832465e-02 -2.167497366e-02 4.296590912e-02
4.281555996e-02 1.785651505e-02 -3.676019594e-02 -3.337790666e-02 -2.228440501e-02 4.272040665e-02
4.283879678e-02 1.760619682e-02 -3.700185937e-02 -3.300234218e-02 -2.288842534e-02 4.245990303e-02
4.286168081e-02 1.735524591e-02 -3.724036758e-02 -3.262168946e-02 -2.348688822e-02 4.218449019e-02
4.288421232e-02 1.710367153e-02 -3.747570063e-02 -3.223600753e-02 -2.407964860e-02 4.189426527e-02
4.290639154e-02 1.685148288e-02 -3.770783884e-02 -3.184535617e-02 -2.466656278e-02 4.158933060e-02
4.292821874e-02 1.659868920e-02 -3.793676278e-02 -3.144979593e-02 -2.524748853e-02 4.126979367e-02
4.294969415e-02 1.634529971e-02 -3.816245333e-02 -3.104938809e-02 -2.582228507e-02 4.093576707e-02
4.297081802e-02 1.609132369e-02 -3.838489162e-02 -3.064419467e-02 -2.639081309e-02 4.058736848e-02
4.299159058e-02 1.583677039e-02 -3.860405906e-02 -3.023427842e-02 -2.695293486e-02 4.022472062e-02
4.301201209e-02 1.558164910e-02 -3.881993734e-02 -2.981970280e-02 -2.750851415e-02 3.984795117e-02
4.303208276e-02 1.532596911e-02 -3.903250843e-02 -2.940053198e-02 -2.805741638e-02 3.945719278e-02
4.305180284e-02 1.506973974e-02 -3.924175459e-02 -2.897683082e-02 -2.859950857e-02 3.905258299e-02
4.307117254e-02 1.481297029e-02 -3.944765832e-02 -2.854866487e-02 -2.913465940e-02 3.863426420e-02
4.309019210e-02 1.455567011e-02 -3.965020246e-02 -2.811610036e-02 -2.966273924e-02 3.820238358e-02
4.310886173e-02 1.429784855e-02 -3.984937010e-02 -2.767920418e-02 -3.018362018e-02 3.775709308e-02
4.312718166e-02 1.403951495e-02 -4.004514462e-02 -2.723804388e-02 -3.069717608e-02 3.729854934e-02
4.314515210e-02 1.378067869e-02 -4.023750968e-02 -2.679268765e-02 -3.120328255e-02 3.682691361e-02
4.316277326e-02 1.352134916e-02 -4.042644924e-02 -2.634320431e-02 -3.170181705e-02 3.634235175e-02
4.318004534e-02 1.326153574e-02 -4.061194755e-02 -2.588966333e-02 -3.219265884e-02 3.584503413e-02
4.319696856e-02 1.300124783e-02 -4.079398914e-02 -2.543213475e-02 -3.267568909e-02 3.533513560e-02
4.321354312e-02 1.274049486e-02 -4.097255883e-02 -2.497068926e-02 -3.315079082e-02 3.481283539e-02
4.322976920e-02 1.247928624e-02 -4.114764174e-02 -2.450539812e-02 -3.361784904e-02 3.427831709e-02
4.324564702e-02 1.221763142e-02 -4.131922329e-02 -2.403633316e-02 -3.407675065e-02 3.373176855e-02
4.326117675e-02 1.195553983e-02 -4.148728916e-02 -2.356356680e-02 -3.452738457e-02 3.317338183e-02
4.327635859e-02 1.169302094e-02 -4.165182538e-02 -2.308717201e-02 -3.496964172e-02 3.260335315e-02
4.329119272e-02 1.143008421e-02 -4.181281822e-02 -2.260722232e-02 -3.540341505e-02 3.202188277e-02
4.330567931e-02 1.116673911e-02 -4.197025428e-02 -2.212379177e-02 -3.582859956e-02 3.142917498e-02
4.331981855e-02 1.090299513e-02 -4.212412046e-02 -2.163695496e-02 -3.624509235e-02 3.082543799e-02
4.333361061e-02 1.063886176e-02 -4.227440394e-02 -2.114678698e-02 -3.665279261e-02 3.021088386e-02
4.334705566e-02 1.037434851e-02 -4.242109222e-02 -2.065336343e-02 -3.705160170e-02 2.958572846e-02
4.336015386e-02 1.010946487e-02 -4.256417309e-02 -2.015676041e-02 -3.744142308e-02 2.895019133e-02
4.337290537e-02 9.844220384e-03 -4.270363464e-02 -1.965705449e-02 -3.782216244e-02 2.830449567e-02
4.338531034e-02 9.578624562e-03 -4.283946526e-02 -1.915432271e-02 -3.819372765e-02 2.764886822e-02
4.339736895e-02 9.312686944e-03 -4.297165367e-02 -1.864864256e-02 -3.855602880e-02 2.698353919e-02
4.340908132e-02 9.046417072e-03 -4.310018885e-02 -1.814009200e-02 -3.890897822e-02 2.630874219e-02
4.342044761e-02 8.779824495e-03 -4.322506013e-02 -1.762874939e-02 -3.925249054e-02 2.562471414e-02
4.343146797e-02 8.512918770e-03 -4.334625711e-02 -1.711469355e-02 -3.958648263e-02 2.493169519e-02
4.344214251e-02 8.245709461e-03 -4.346376973e-02 -1.659800366e-02 -3.991087371e-02 2.422992861e-02
4.345247139e-02 7.978206138e-03 -4.357758821e-02 -1.607875934e-02 -4.022558529e-02 2.351966075e-02
4.346245473e-02 7.710418379e-03 -4.368770308e-02 -1.555704058e-02 -4.053054125e-02 2.280114095e-02
4.347209265e-02 7.442355767e-03 -4.379410520e-02 -1.503292774e-02 -4.082566782e-02 2.207462138e-02
4.348138528e-02 7.174027892e-03 -4.389678572e-02 -1.450650155e-02 -4.111089360e-02 2.134035707e-02
4.349033273e-02 6.905444348e-03 -4.399573612e-02 -1.397784307e-02 -4.138614962e-02 2.059860570e-02
4.349893512e-02 6.636614737e-03 -4.409094816e-02 -1.344703372e-02 -4.165136928e-02 1.984962761e-02
4.350719255e-02 6.367548665e-03 -4.418241394e-02 -1.291415524e-02 -4.190648845e-02 1.909368565e-02
4.351510514e-02 6.098255744e-03 -4.427012585e-02 -1.237928966e-02 -4.215144543e-02 1.833104509e-02
4.352267297e-02 5.828745591e-03 -4.435407662e-02 -1.184251934e-02 -4.238618096e-02 1.756197356e-02
4.352989615e-02 5.559027826e-03 -4.443425927e-02 -1.130392691e-02 -4.261063827e-02 1.678674093e-02
4.353677476e-02 5.289112077e-03 -4.451066713e-02 -1.076359527e-02 -4.282476310e-02 1.600561923e-02
4.354330890e-02 5.019007972e-03 -4.458329387e-02 -1.022160759e-02 -4.302850364e-02 1.521888254e-02
4.354949865e-02 4.748725148e-03 -4.465213345e-02 -9.678047301e-03 -4.322181064e-02 1.442680691e-02
4.355534409e-02 4.478273241e-03 -4.471718015e-02 -9.132998051e-03 -4.340463735e-02 1.362967024e-02
4.356084529e-02 4.207661894e-03 -4.477842858e-02 -8.586543721e-03 -4.357693955e-02 1.282775222e-02
4.356600232e-02 3.936900754e-03 -4.483587364e-02 -8.038768405e-03 -4.373867558e-02 1.202133419e-02
4.357081525e-02 3.665999467e-03 -4.488951058e-02 -7.489756394e-03 -4.388980634e-02 1.121069908e-02
4.357528414e-02 3.394967687e-03 -4.493933493e-02 -6.939592165e-03 -4.403029527e-02 1.039613129e-02
4.357940905e-02 3.123815069e-03 -4.498534256e-02 -6.388360372e-03 -4.416010841e-02 9.577916584e-03
4.358319003e-02 2.852551269e-03 -4.502752966e-02 -5.836145825e-03 -4.427921437e-02 8.756342007e-03
4.358662713e-02 2.581185947e-03 -4.506589271e-02 -5.283033485e-03 -4.438758435e-02 7.931695779e-03
4.358972040e-02 2.309728766e-03 -4.510042854e-02 -4.729108448e-03 -4.448519215e-02 7.104267192e-03
4.359246986e-02 2.038189389e-03 -4.513113427e-02 -4.174455933e-03 -4.457201417e-02 6.274346510e-03
4.359487557e-02 1.766577483e-03 -4.515800737e-02 -3.619161266e-03 -4.464802941e-02 5.442224867e-03
4.359693755e-02 1.494902715e-03 -4.518104559e-02 -3.063309872e-03 -4.471321949e-02 4.608194168e-03
4.359865582e-02 1.223174753e-03 -4.520024704e-02 -2.506987259e-03 -4.476756866e-02 3.772546983e-03
4.360003041e-02 9.514032678e-04 -4.521561010e-02 -1.950279007e-03 -4.481106377e-02 2.935576449e-03
4.360106134e-02 6.795979301e-04 -4.522713352e-02 -1.393270753e-03 -4.484369431e-02 2.097576162e-03
4.360174862e-02 4.077684114e-04 -4.523481633e-02 -8.360481801e-04 -4.486545239e-02 1.258840081e-03
4.360209226e-02 1.359243839e-04 -4.523865789e-02 -2.786970023e-04 -4.487633274e-02 4.196624211e-04
4.360209225e-02 -1.359244799e-04 -4.523865789e-02 2.786970458e-04 -4.487633274e-02 -4.196624494e-04
4.360174862e-02 -4.077685073e-04 -4.523481633e-02 8.360482235e-04 -4.486545239e-02 -1.258840110e-03
4.360106134e-02 -6.795980260e-04 -4.522713352e-02 1.393270797e-03 -4.484369431e-02 -2.097576191e-03
4.360003041e-02 -9.514033638e-04 -4.521561010e-02 1.950279051e-03 -4.481106377e-02 -2.935576477e-03
4.359865582e-02 -1.223174849e-03 -4.520024703e-02 2.506987302e-03 -4.476756866e-02 -3.772547012e-03
4.359693754e-02 -1.494902811e-03 -4.518104559e-02 3.063309915e-03 -4.471321949e-02 -4.608194196e-03
4.359487557e-02 -1.766577579e-03 -4.515800736e-02 3.619161309e-03 -4.464802940e-02 -5.442224895e-03
4.359246986e-02 -2.038189485e-03 -4.513113427e-02 4.174455976e-03 -4.457201416e-02 -6.274346538e-03
4.358972039e-02 -2.309728862e-03 -4.510042853e-02 4.729108492e-03 -4.448519215e-02 -7.104267220e-03
4.358662713e-02 -2.581186043e-03 -4.506589270e-02 5.283033528e-03 -4.438758435e-02 -7.931695807e-03
4.358319003e-02 -2.852551364e-03 -4.502752965e-02 5.836145868e-03 -4.427921437e-02 -8.756342035e-03
4.357940905e-02 -3.123815164e-03 -4.498534256e-02 6.388360415e-03 -4.416010841e-02 -9.577916612e-03
4.357528414e-02 -3.394967783e-03 -4.493933492e-02 6.939592208e-03 -4.403029527e-02 -1.039613132e-02
4.357081525e-02 -3.665999563e-03 -4.488951057e-02 7.489756436e-03 -4.388980633e-02 -1.121069911e-02
4.356600231e-02 -3.936900849e-03 -4.483587364e-02 8.038768448e-03 -4.373867558e-02 -1.202133422e-02
4.356084528e-02 -4.207661990e-03 -4.477842857e-02 8.586543764e-03 -4.357693954e-02 -1.282775224e-02
4.355534408e-02 -4.478273336e-03 -4.471718014e-02 9.132998093e-03 -4.340463734e-02 -1.362967027e-02
4.354949864e-02 -4.748725243e-03 -4.465213344e-02 9.678047344e-03 -4.322181063e-02 -1.442680693e-02
4.354330889e-02 -5.019008068e-03 -4.458329386e-02 1.022160763e-02 -4.302850363e-02 -1.521888257e-02
4.353677475e-02 -5.289112172e-03 -4.451066712e-02 1.076359531e-02 -4.282476309e-02 -1.600561926e-02
4.352989614e-02 -5.559027922e-03 -4.443425926e-02 1.130392695e-02 -4.261063826e-02 -1.678674096e-02
4.352267296e-02 -5.828745686e-03 -4.435407661e-02 1.184251938e-02 -4.238618094e-02 -1.756197358e-02
4.351510513e-02 -6.098255839e-03 -4.427012584e-02 1.237928971e-02 -4.215144541e-02 -1.833104511e-02
4.350719255e-02 -6.367548760e-03 -4.418241393e-02 1.291415528e-02 -4.190648844e-02 -1.909368567e-02
4.349893511e-02 -6.636614832e-03 -4.409094815e-02 1.344703377e-02 -4.165136927e-02 -1.984962764e-02
4.349033272e-02 -6.905444443e-03 -4.399573611e-02 1.397784311e-02 -4.138614960e-02 -2.059860573e-02
4.348138527e-02 -7.174027986e-03 -4.389678571e-02 1.450650159e-02 -4.111089359e-02 -2.134035709e-02
4.347209264e-02 -7.442355862e-03 -4.379410519e-02 1.503292778e-02 -4.082566780e-02 -2.207462141e-02
4.346245472e-02 -7.710418474e-03 -4.368770307e-02 1.555704062e-02 -4.053054124e-02 -2.280114097e-02
4.345247138e-02 -7.978206233e-03 -4.357758819e-02 1.607875938e-02 -4.022558528e-02 -2.351966078e-02
4.344214250e-02 -8.245709555e-03 -4.346376971e-02 1.659800370e-02 -3.991087370e-02 -2.422992863e-02
4.343146795e-02 -8.512918864e-03 -4.334625710e-02 1.711469359e-02 -3.958648262e-02 -2.493169521e-02
4.342044760e-02 -8.779824589e-03 -4.322506011e-02 1.762874943e-02 -3.925249052e-02 -2.562471417e-02
4.340908131e-02 -9.046417166e-03 -4.310018884e-02 1.814009204e-02 -3.890897821e-02 -2.630874222e-02
4.339736893e-02 -9.312687038e-03 -4.297165365e-02 1.864864260e-02 -3.855602878e-02 -2.698353922e-02
4.338531033e-02 -9.578624656e-03 -4.283946525e-02 1.915432274e-02 -3.819372763e-02 -2.764886824e-02
4.337290535e-02 -9.844220477e-03 -4.270363462e-02 1.965705453e-02 -3.782216243e-02 -2.830449569e-02
4.336015384e-02 -1.010946497e-02 -4.256417307e-02 2.015676045e-02 -3.744142306e-02 -2.895019135e-02
4.334705564e-02 -1.037434860e-02 -4.242109221e-02 2.065336347e-02 -3.705160168e-02 -2.958572848e-02
4.333361060e-02 -1.063886185e-02 -4.227440393e-02 2.114678702e-02 -3.665279260e-02 -3.021088389e-02
4.331981854e-02 -1.090299522e-02 -4.212412044e-02 2.163695500e-02 -3.624509233e-02 -3.082543801e-02
4.330567930e-02 -1.116673920e-02 -4.197025426e-02 2.212379181e-02 -3.582859954e-02 -3.142917500e-02
4.329119270e-02 -1.143008430e-02 -4.181281820e-02 2.260722236e-02 -3.540341503e-02 -3.202188279e-02
4.327635857e-02 -1.169302103e-02 -4.165182535e-02 2.308717205e-02 -3.496964170e-02 -3.260335317e-02
4.326117673e-02 -1.195553992e-02 -4.148728914e-02 2.356356684e-02 -3.452738455e-02 -3.317338185e-02
4.324564700e-02 -1.221763151e-02 -4.131922326e-02 2.403633320e-02 -3.407675063e-02 -3.373176857e-02
4.322976918e-02 -1.247928633e-02 -4.114764172e-02 2.450539816e-02 -3.361784902e-02 -3.427831711e-02
4.321354310e-02 -1.274049495e-02 -4.097255881e-02 2.497068930e-02 -3.315079080e-02 -3.481283541e-02
4.319696854e-02 -1.300124792e-02 -4.079398912e-02 2.543213479e-02 -3.267568906e-02 -3.533513562e-02
4.318004532e-02 -1.326153583e-02 -4.061194753e-02 2.588966336e-02 -3.219265882e-02 -3.584503415e-02
4.316277324e-02 -1.352134925e-02 -4.042644922e-02 2.634320435e-02 -3.170181703e-02 -3.634235176e-02
4.314515208e-02 -1.378067879e-02 -4.023750966e-02 2.679268768e-02 -3.120328253e-02 -3.682691362e-02
4.312718164e-02 -1.403951504e-02 -4.004514459e-02 2.723804392e-02 -3.069717605e-02 -3.729854935e-02
4.310886171e-02 -1.429784864e-02 -3.984937008e-02 2.767920422e-02 -3.018362016e-02 -3.775709310e-02
4.309019208e-02 -1.455567020e-02 -3.965020244e-02 2.811610040e-02 -2.966273921e-02 -3.820238360e-02
4.307117252e-02 -1.481297038e-02 -3.944765830e-02 2.854866491e-02 -2.913465937e-02 -3.863426421e-02
4.305180281e-02 -1.506973983e-02 -3.924175456e-02 2.897683085e-02 -2.859950855e-02 -3.905258301e-02
4.303208274e-02 -1.532596920e-02 -3.903250841e-02 2.940053201e-02 -2.805741636e-02 -3.945719279e-02
4.301201206e-02 -1.558164919e-02 -3.881993732e-02 2.981970283e-02 -2.750851413e-02 -3.984795118e-02
4.299159056e-02 -1.583677048e-02 -3.860405903e-02 3.023427845e-02 -2.695293483e-02 -4.022472063e-02
4.297081799e-02 -1.609132378e-02 -3.838489159e-02 3.064419470e-02 -2.639081307e-02 -4.058736849e-02
4.294969412e-02 -1.634529980e-02 -3.816245330e-02 3.104938812e-02 -2.582228504e-02 -4.093576708e-02
4.292821871e-02 -1.659868929e-02 -3.793676275e-02 3.144979596e-02 -2.524748851e-02 -4.126979368e-02
4.290639152e-02 -1.685148297e-02 -3.770783881e-02 3.184535620e-02 -2.466656275e-02 -4.158933061e-02
4.288421229e-02 -1.710367162e-02 -3.747570060e-02 3.223600756e-02 -2.407964857e-02 -4.189426528e-02
4.286168079e-02 -1.735524600e-02 -3.724036755e-02 3.262168949e-02 -2.348688820e-02 -4.218449020e-02
4.283879675e-02 -1.760619690e-02 -3.700185933e-02 3.300234221e-02 -2.288842531e-02 -4.245990304e-02
4.281555993e-02 -1.785651514e-02 -3.676019591e-02 3.337790669e-02 -2.228440498e-02 -4.272040666e-02
4.279197007e-02 -1.810619151e-02 -3.651539749e-02 3.374832467e-02 -2.167497364e-02 -4.296590913e-02
4.276802690e-02 -1.835521687e-02 -3.626748457e-02 3.411353870e-02 -2.106027902e-02 -4.319632379e-02
4.274373017e-02 -1.860358205e-02 -3.601647791e-02 3.447349207e-02 -2.044047017e-02 -4.341156927e-02
4.271907962e-02 -1.885127792e-02 -3.576239852e-02 3.482812891e-02 -1.981569738e-02 -4.361156950e-02
4.269407496e-02 -1.909829536e-02 -3.550526769e-02 3.517739414e-02 -1.918611216e-02 -4.379625378e-02
4.266871594e-02 -1.934462527e-02 -3.524510696e-02 3.552123350e-02 -1.855186719e-02 -4.396555674e-02
4.264300228e-02 -1.959025856e-02 -3.498193813e-02 3.585959356e-02 -1.791311631e-02 -4.411941843e-02
4.261693371e-02 -1.983518616e-02 -3.471578326e-02 3.619242170e-02 -1.727001444e-02 -4.425778432e-02
4.259050995e-02 -2.007939903e-02 -3.444666467e-02 3.651966617e-02 -1.662271759e-02 -4.438060528e-02
4.256373072e-02 -2.032288811e-02 -3.417460493e-02 3.684127606e-02 -1.597138281e-02 -4.448783766e-02
4.253659574e-02 -2.056564440e-02 -3.389962687e-02 3.715720129e-02 -1.531616811e-02 -4.457944327e-02
4.250910473e-02 -2.080765890e-02 -3.362175356e-02 3.746739269e-02 -1.465723250e-02 -4.465538940e-02
4.248125739e-02 -2.104892262e-02 -3.334100831e-02 3.777180192e-02 -1.399473587e-02 -4.471564882e-02
4.245305345e-02 -2.128942660e-02 -3.305741472e-02 3.807038156e-02 -1.332883900e-02 -4.476019982e-02
4.242449262e-02 -2.152916190e-02 -3.277099659e-02 3.836308504e-02 -1.265970353e-02 -4.478902619e-02
4.239557460e-02 -2.176811959e-02 -3.248177798e-02 3.864986670e-02 -1.198749187e-02 -4.480211725e-02
4.236629909e-02 -2.200629076e-02 -3.218978320e-02 3.893068180e-02 -1.131236722e-02 -4.479946783e-02
4.233666582e-02 -2.224366653e-02 -3.189503680e-02 3.920548647e-02 -1.063449349e-02 -4.478107829e-02
4.230667447e-02 -2.248023803e-02 -3.159756356e-02 3.947423779e-02 -9.954035272e-03 -4.474695450e-02
4.227632475e-02 -2.271599641e-02 -3.129738850e-02 3.973689374e-02 -9.271157812e-03 -4.469710789e-02
4.224561636e-02 -2.295093285e-02 -3.099453686e-02 3.999341325e-02 -8.586026955e-03 -4.463155536e-02
4.221454900e-02 -2.318503854e-02 -3.068903415e-02 4.024375617e-02 -7.898809109e-03 -4.455031937e-02
4.218312237e-02 -2.341830470e-02 -3.038090608e-02 4.048788330e-02 -7.209671210e-03 -4.445342786e-02
4.215133616e-02 -2.365072256e-02 -3.007017860e-02 4.072575638e-02 -6.518780676e-03 -4.434091428e-02
4.211919007e-02 -2.388228337e-02 -2.975687788e-02 4.095733810e-02 -5.826305371e-03 -4.421281756e-02
4.208668378e-02 -2.411297843e-02 -2.944103032e-02 4.118259214e-02 -5.132413560e-03 -4.406918210e-02
4.205381700e-02 -2.434279902e-02 -2.912266254e-02 4.140148311e-02 -4.437273872e-03 -4.391005779e-02
4.202058940e-02 -2.457173648e-02 -2.880180139e-02 4.161397662e-02 -3.741055260e-03 -4.373549992e-02
4.198700069e-02 -2.479978214e-02 -2.847847394e-02 4.182003924e-02 -3.043926956e-03 -4.354556923e-02
4.195305055e-02 -2.502692738e-02 -2.815270745e-02 4.201963852e-02 -2.346058432e-03 -4.334033185e-02
4.191873867e-02 -2.525316359e-02 -2.782452943e-02 4.221274301e-02 -1.647619363e-03 -4.311985932e-02
4.188406473e-02 -2.547848219e-02 -2.749396758e-02 4.239932226e-02 -9.487795807e-04 -4.288422849e-02
4.184902842e-02 -2.570287461e-02 -2.716104982e-02 4.257934680e-02 -2.497090334e-04 -4.263352158e-02
4.181362942e-02 -2.592633232e-02 -2.682580428e-02 4.275278817e-02 4.494222524e-04 -4.236782609e-02
4.177786743e-02 -2.614884681e-02 -2.648825929e-02 4.291961891e-02 1.148444215e-03 -4.208723480e-02
4.174174211e-02 -2.637040958e-02 -2.614844338e-02 4.307981260e-02 1.847186800e-03 -4.179184573e-02
4.170525317e-02 -2.659101218e-02 -2.580638529e-02 4.323334379e-02 2.545479996e-03 -4.148176212e-02
4.166840027e-02 -2.681064617e-02 -2.546211396e-02 4.338018810e-02 3.243153884e-03 -4.115709234e-02
4.163118310e-02 -2.702930314e-02 -2.511565853e-02 4.352032214e-02 3.940038670e-03 -4.081794995e-02
4.159360135e-02 -2.724697469e-02 -2.476704832e-02 4.365372357e-02 4.635964734e-03 -4.046445355e-02
4.155565469e-02 -2.746365248e-02 -2.441631286e-02 4.378037106e-02 5.330762664e-03 -4.009672684e-02
4.151734280e-02 -2.767932816e-02 -2.406348186e-02 4.390024434e-02 6.024263302e-03 -3.971489850e-02
4.147866537e-02 -2.789399343e-02 -2.370858522e-02 4.401332416e-02 6.716297783e-03 -3.931910220e-02
4.143962208e-02 -2.810764002e-02 -2.335165304e-02 4.411959233e-02 7.406697577e-03 -3.890947651e-02
4.140021260e-02 -2.832025966e-02 -2.299271558e-02 4.421903169e-02 8.095294526e-03 -3.848616487e-02
4.136043663e-02 -2.853184413e-02 -2.263180330e-02 4.431162614e-02 8.781920891e-03 -3.804931558e-02
4.132029383e-02 -2.874238524e-02 -2.226894682e-02 4.439736062e-02 9.466409389e-03 -3.759908167e-02
4.127978390e-02 -2.895187482e-02 -2.190417695e-02 4.447622115e-02 1.014859323e-02 -3.713562090e-02
4.123890650e-02 -2.916030472e-02 -2.153752468e-02 4.454819477e-02 1.082830618e-02 -3.665909571e-02
4.119766133e-02 -2.936766685e-02 -2.116902116e-02 4.461326961e-02 1.150538255e-02 -3.616967314e-02
4.115604807e-02 -2.957395310e-02 -2.079869771e-02 4.467143484e-02 1.217965729e-02 -3.566752476e-02
4.111406640e-02 -2.977915544e-02 -2.042658582e-02 4.472268071e-02 1.285096602e-02 -3.515282666e-02
4.107171599e-02 -2.998326584e-02 -2.005271714e-02 4.476699853e-02 1.351914503e-02 -3.462575934e-02
4.102899655e-02 -3.018627630e-02 -1.967712349e-02 4.480438067e-02 1.418403138e-02 -3.408650768e-02
4.098590774e-02 -3.038817887e-02 -1.929983684e-02 4.483482059e-02 1.484546287e-02 -3.353526084e-02
4.094244926e-02 -3.058896561e-02 -1.892088932e-02 4.485831278e-02 1.550327815e-02 -3.297221224e-02
4.089862078e-02 -3.078862863e-02 -1.854031322e-02 4.487485285e-02 1.615731672e-02 -3.239755946e-02
4.085442201e-02 -3.098716005e-02 -1.815814097e-02 4.488443744e-02 1.680741897e-02 -3.181150418e-02
4.080985262e-02 -3.118455204e-02 -1.777440515e-02 4.488706429e-02 1.745342621e-02 -3.121425211e-02
4.076491230e-02 -3.138079679e-02 -1.738913851e-02 4.488273220e-02 1.809518076e-02 -3.060601292e-02
4.071960075e-02 -3.157588653e-02 -1.700237390e-02 4.487144106e-02 1.873252591e-02 -2.998700016e-02
4.067391765e-02 -3.176981352e-02 -1.661414436e-02 4.485319182e-02 1.936530605e-02 -2.935743121e-02
4.062786270e-02 -3.196257005e-02 -1.622448302e-02 4.482798651e-02 1.999336660e-02 -2.871752715e-02
4.058143559e-02 -3.215414844e-02 -1.583342319e-02 4.479582824e-02 2.061655415e-02 -2.806751276e-02
4.053463602e-02 -3.234454107e-02 -1.544099829e-02 4.475672119e-02 2.123471644e-02 -2.740761637e-02
4.048746367e-02 -3.253374032e-02 -1.504724186e-02 4.471067061e-02 2.184770240e-02 -2.673806982e-02
4.043991826e-02 -3.272173861e-02 -1.465218760e-02 4.465768284e-02 2.245536222e-02 -2.605910837e-02
4.039199947e-02 -3.290852842e-02 -1.425586930e-02 4.459776529e-02 2.305754734e-02 -2.537097062e-02
4.034370701e-02 -3.309410224e-02 -1.385832090e-02 4.453092642e-02 2.365411053e-02 -2.467389842e-02
4.029504059e-02 -3.327845260e-02 -1.345957644e-02 4.445717580e-02 2.424490589e-02 -2.396813679e-02
4.024599991e-02 -3.346157207e-02 -1.305967009e-02 4.437652405e-02 2.482978893e-02 -2.325393384e-02
4.019658467e-02 -3.364345326e-02 -1.265863612e-02 4.428898286e-02 2.540861653e-02 -2.253154066e-02
4.014679458e-02 -3.382408880e-02 -1.225650893e-02 4.419456500e-02 2.598124708e-02 -2.180121127e-02
4.009662935e-02 -3.400347138e-02 -1.185332302e-02 4.409328429e-02 2.654754042e-02 -2.106320251e-02
4.004608871e-02 -3.418159370e-02 -1.144911299e-02 4.398515563e-02 2.710735791e-02 -2.031777393e-02
3.999517235e-02 -3.435844851e-02 -1.104391354e-02 4.387019498e-02 2.766056249e-02 -1.956518773e-02
3.994388000e-02 -3.453402862e-02 -1.063775948e-02 4.374841937e-02 2.820701868e-02 -1.880570868e-02
3.989221139e-02 -3.470832684e-02 -1.023068572e-02 4.361984688e-02 2.874659262e-02 -1.803960397e-02
3.984016622e-02 -3.488133603e-02 -9.822727255e-03 4.348449664e-02 2.927915211e-02 -1.726714318e-02
3.978774422e-02 -3.505304911e-02 -9.413919173e-03 4.334238885e-02 2.980456663e-02 -1.648859814e-02
3.973494513e-02 -3.522345901e-02 -9.004296652e-03 4.319354475e-02 3.032270739e-02 -1.570424286e-02
3.968176867e-02 -3.539255871e-02 -8.593894957e-03 4.303798664e-02 3.083344735e-02 -1.491435343e-02
3.962821457e-02 -3.556034124e-02 -8.182749433e-03 4.287573787e-02 3.133666126e-02 -1.411920792e-02
3.957428258e-02 -3.572679966e-02 -7.770895507e-03 4.270682282e-02 3.183222567e-02 -1.331908626e-02
3.951997242e-02 -3.589192706e-02 -7.358368681e-03 4.253126691e-02 3.232001899e-02 -1.251427020e-02
3.946528383e-02 -3.605571659e-02 -6.945204532e-03 4.234909660e-02 3.279992150e-02 -1.170504315e-02
3.941021657e-02 -3.621816143e-02 -6.531438708e-03 4.216033940e-02 3.327181539e-02 -1.089169011e-02
3.935477038e-02 -3.637925481e-02 -6.117106925e-03 4.196502381e-02 3.373558477e-02 -1.007449757e-02
3.929894501e-02 -3.653898999e-02 -5.702244963e-03 4.176317940e-02 3.419111574e-02 -9.253753402e-03
3.924274021e-02 -3.669736027e-02 -5.286888665e-03 4.155483672e-02 3.463829635e-02 -8.429746766e-03
3.918615574e-02 -3.685435901e-02 -4.871073934e-03 4.134002737e-02 3.507701672e-02 -7.602768001e-03
3.912919136e-02 -3.700997960e-02 -4.454836727e-03 4.111878394e-02 3.550716897e-02 -6.773108528e-03
3.907184683e-02 -3.716421547e-02 -4.038213055e-03 4.089114003e-02 3.592864731e-02 -5.941060745e-03
3.901412192e-02 -3.731706010e-02 -3.621238979e-03 4.065713026e-02 3.634134807e-02 -5.106917924e-03
3.895601640e-02 -3.746850701e-02 -3.203950609e-03 4.041679023e-02 3.674516968e-02 -4.270974114e-03
3.889753005e-02 -3.761854977e-02 -2.786384095e-03 4.017015654e-02 3.714001273e-02 -3.433524027e-03
3.883866264e-02 -3.776718198e-02 -2.368575631e-03 3.991726677e-02 3.752577997e-02 -2.594862943e-03
3.877941395e-02 -3.791439731e-02 -1.950561448e-03 3.965815950e-02 3.790237638e-02 -1.755286604e-03
3.871978378e-02 -3.806018944e-02 -1.532377813e-03 3.939287426e-02 3.826970914e-02 -9.150911071e-04
3.865977190e-02 -3.820455213e-02 -1.114061022e-03 3.912145157e-02 3.862768768e-02 -7.457280333e-05
3.859937812e-02 -3.834747915e-02 -6.956474022e-04 3.884393292e-02 3.897622371e-02 7.659718083e-04
3.853860222e-02 -3.848896436e-02 -2.771733057e-04 3.856036074e-02 3.931523121e-02 1.606246184e-03
3.847744403e-02 -3.862900163e-02 1.413248927e-04 3.827077842e-02 3.964462650e-02 2.445953842e-03
3.841590333e-02 -3.876758488e-02 5.598107992e-04 3.797523030e-02 3.996432822e-02 3.284798465e-03
3.835397994e-02 -3.890470810e-02 9.782480030e-04 3.767376167e-02 4.027425737e-02 4.122484002e-03
3.829167367e-02 -3.904036530e-02 1.396600080e-03 3.736641873e-02 4.057433731e-02 4.958714781e-03
3.822898435e-02 -3.917455055e-02 1.814830598e-03 3.705324863e-02 4.086449380e-02 5.793195605e-03
3.816591180e-02 -3.930725798e-02 2.232903114e-03 3.673429942e-02 4.114465503e-02 6.625631859e-03
3.810245585e-02 -3.943848175e-02 2.650781183e-03 3.640962008e-02 4.141475160e-02 7.455729615e-03
3.803861632e-02 -3.956821606e-02 3.068428361e-03 3.607926048e-02 4.167471656e-02 8.283195736e-03
3.797439306e-02 -3.969645520e-02 3.485808204e-03 3.574327140e-02 4.192448545e-02 9.107737977e-03
3.790978591e-02 -3.982319346e-02 3.902884273e-03 3.540170450e-02 4.216399625e-02 9.929065090e-03
3.784479472e-02 -3.994842521e-02 4.319620140e-03 3.505461234e-02 4.239318947e-02 1.074688693e-02
3.777941934e-02 -4.007214487e-02 4.735979387e-03 3.470204834e-02 4.261200813e-02 1.156091454e-02
3.771365962e-02 -4.019434689e-02 5.151925611e-03 3.434406680e-02 4.282039777e-02 1.237086029e-02
3.764751544e-02 -4.031502578e-02 5.567422427e-03 3.398072286e-02 4.301830646e-02 1.317643795e-02
3.758098665e-02 -4.043417612e-02 5.982433473e-03 3.361207254e-02 4.320568485e-02 1.397736277e-02
3.751407313e-02 -4.055179250e-02 6.396922408e-03 3.323817267e-02 4.338248613e-02 1.477335165e-02
3.744677477e-02 -4.066786961e-02 6.810852922e-03 3.285908093e-02 4.354866611e-02 1.556412316e-02
3.737909143e-02 -4.078240216e-02 7.224188733e-03 3.247485584e-02 4.370418314e-02 1.634939772e-02
3.731102302e-02 -4.089538491e-02 7.636893594e-03 3.208555672e-02 4.384899821e-02 1.712889761e-02
3.724256942e-02 -4.100681269e-02 8.048931296e-03 3.169124370e-02 4.398307490e-02 1.790234714e-02
3.717373054e-02 -4.111668038e-02 8.460265667e-03 3.129197771e-02 4.410637944e-02 1.866947273e-02
3.710450628e-02 -4.122498290e-02 8.870860582e-03 3.088782048e-02 4.421888067e-02 1.943000299e-02
3.703489655e-02 -4.133171523e-02 9.280679960e-03 3.047883450e-02 4.432055007e-02 2.018366882e-02
3.696490127e-02 -4.143687241e-02 9.689687771e-03 3.006508306e-02 4.441136176e-02 2.093020352e-02
3.689452037e-02 -4.154044954e-02 1.009784804e-02 2.964663017e-02 4.449129254e-02 2.166934288e-02
3.682375377e-02 -4.164244174e-02 1.050512484e-02 2.922354065e-02 4.456032185e-02 2.240082525e-02
3.675260140e-02 -4.174284423e-02 1.091148231e-02 2.879588001e-02 4.461843180e-02 2.312439168e-02
3.668106322e-02 -4.184165225e-02 1.131688465e-02 2.836371452e-02 4.466560718e-02 2.383978598e-02
3.660913916e-02 -4.193886111e-02 1.172129612e-02 2.792711117e-02 4.470183544e-02 2.454675478e-02
3.653682917e-02 -4.203446618e-02 1.212468107e-02 2.748613766e-02 4.472710673e-02 2.524504771e-02
3.646413323e-02 -4.212846287e-02 1.252700389e-02 2.704086238e-02 4.474141387e-02 2.593441739e-02
3.639105128e-02 -4.222084667e-02 1.292822907e-02 2.659135443e-02 4.474475236e-02 2.661461960e-02
3.631758332e-02 -4.231161311e-02 1.332832117e-02 2.613768359e-02 4.473712040e-02 2.728541329e-02
3.624372930e-02 -4.240075777e-02 1.372724482e-02 2.567992030e-02 4.471851888e-02 2.794656074e-02
3.616948923e-02 -4.248827631e-02 1.412496475e-02 2.521813567e-02 4.468895138e-02 2.859782760e-02
3.609486308e-02 -4.257416443e-02 1.452144577e-02 2.475240146e-02 4.464842414e-02 2.923898297e-02
3.601985086e-02 -4.265841788e-02 1.491665279e-02 2.428279005e-02 4.459694613e-02 2.986979951e-02
3.594445257e-02 -4.274103250e-02 1.531055081e-02 2.380937447e-02 4.453452899e-02 3.049005350e-02
3.586866823e-02 -4.282200415e-02 1.570310491e-02 2.333222837e-02 4.446118703e-02 3.109952494e-02
3.579249785e-02 -4.290132879e-02 1.609428029e-02 2.285142597e-02 4.437693726e-02 3.169799760e-02
3.571594145e-02 -4.297900239e-02 1.648404225e-02 2.236704212e-02 4.428179936e-02 3.228525911e-02
3.563899907e-02 -4.305502103e-02 1.687235620e-02 2.187915224e-02 4.417579570e-02 3.286110106e-02
3.556167076e-02 -4.312938081e-02 1.725918765e-02 2.138783231e-02 4.405895131e-02 3.342531903e-02
3.548395654e-02 -4.320207790e-02 1.764450222e-02 2.089315890e-02 4.393129386e-02 3.397771270e-02
3.540585648e-02 -4.327310855e-02 1.802826565e-02 2.039520908e-02 4.379285372e-02 3.451808590e-02
3.532737064e-02 -4.334246905e-02 1.841044382e-02 1.989406051e-02 4.364366390e-02 3.504624669e-02
3.524849908e-02 -4.341015576e-02 1.879100269e-02 1.938979132e-02 4.348376003e-02 3.556200743e-02
3.516924188e-02 -4.347616509e-02 1.916990839e-02 1.888248020e-02 4.331318040e-02 3.606518483e-02
3.508959911e-02 -4.354049352e-02 1.954712715e-02 1.837220630e-02 4.313196592e-02 3.655560005e-02
3.500957088e-02 -4.360313760e-02 1.992262533e-02 1.785904928e-02 4.294016013e-02 3.703307873e-02
3.492915728e-02 -4.366409392e-02 2.029636944e-02 1.734308927e-02 4.273780917e-02 3.749745106e-02
3.484835840e-02 -4.372335915e-02 2.066832612e-02 1.682440687e-02 4.252496176e-02 3.794855187e-02
3.476717436e-02 -4.378093001e-02 2.103846214e-02 1.630308311e-02 4.230166924e-02 3.838622065e-02
3.468560529e-02 -4.383680330e-02 2.140674444e-02 1.577919948e-02 4.206798551e-02 3.881030161e-02
3.460365130e-02 -4.389097586e-02 2.177314009e-02 1.525283788e-02 4.182396702e-02 3.922064379e-02
3.452131254e-02 -4.394344462e-02 2.213761630e-02 1.472408063e-02 4.156967279e-02 3.961710104e-02
3.443858914e-02 -4.399420654e-02 2.250014045e-02 1.419301045e-02 4.130516436e-02 3.999953211e-02
3.435548126e-02 -4.404325868e-02 2.286068007e-02 1.365971045e-02 4.103050580e-02 4.036780072e-02
3.427198905e-02 -4.409059814e-02 2.321920284e-02 1.312426410e-02 4.074576369e-02 4.072177557e-02
3.418811268e-02 -4.413622210e-02 2.357567662e-02 1.258675524e-02 4.045100709e-02 4.106133041e-02
3.410385232e-02 -4.418012778e-02 2.393006941e-02 1.204726806e-02 4.014630754e-02 4.138634408e-02
3.401920815e-02 -4.422231248e-02 2.428234941e-02 1.150588709e-02 3.983173903e-02 4.169670055e-02
3.393418037e-02 -4.426277358e-02 2.463248496e-02 1.096269718e-02 3.950737800e-02 4.199228898e-02
3.384876918e-02 -4.430150851e-02 2.498044460e-02 1.041778346e-02 3.917330331e-02 4.227300372e-02
3.376297477e-02 -4.433851475e-02 2.532619701e-02 9.871231406e-03 3.882959621e-02 4.253874441e-02
3.367679736e-02 -4.437378987e-02 2.566971109e-02 9.323126736e-03 3.847634036e-02 4.278941596e-02
3.359023719e-02 -4.440733151e-02 2.601095591e-02 8.773555454e-03 3.811362176e-02 4.302492861e-02
3.350329446e-02 -4.443913735e-02 2.634990070e-02 8.222603816e-03 3.774152877e-02 4.324519797e-02
3.341596944e-02 -4.446920515e-02 2.668651491e-02 7.670358319e-03 3.736015205e-02 4.345014501e-02
3.332826236e-02 -4.449753275e-02 2.702076817e-02 7.116905689e-03 3.696958458e-02 4.363969617e-02
3.324017348e-02 -4.452411804e-02 2.735263030e-02 6.562332869e-03 3.656992161e-02 4.381378328e-02
3.315170307e-02 -4.454895898e-02 2.768207132e-02 6.006726998e-03 3.616126066e-02 4.397234369e-02
3.306285139e-02 -4.457205359e-02 2.800906146e-02 5.450175408e-03 3.574370146e-02 4.411532022e-02
3.297361874e-02 -4.459339999e-02 2.833357113e-02 4.892765601e-03 3.531734597e-02 4.424266121e-02
3.288400540e-02 -4.461299632e-02 2.865557096e-02 4.334585242e-03 3.488229831e-02 4.435432054e-02
3.279401166e-02 -4.463084083e-02 2.897503179e-02 3.775722139e-03 3.443866478e-02 4.445025763e-02
3.270363785e-02 -4.464693182e-02 2.929192466e-02 3.216264236e-03 3.398655381e-02 4.453043749e-02
3.261288427e-02 -4.466126765e-02 2.960622084e-02 2.656299594e-03 3.352607592e-02 4.459483071e-02
3.252175125e-02 -4.467384677e-02 2.991789180e-02 2.095916378e-03 3.305734373e-02 4.464341345e-02
3.243023913e-02 -4.468466769e-02 3.022690924e-02 1.535202846e-03 3.258047191e-02 4.467616749e-02
3.233834825e-02 -4.469372897e-02 3.053324508e-02 9.742473320e-04 3.209557715e-02 4.469308023e-02
3.224607895e-02 -4.470102927e-02 3.083687145e-02 4.131382332e-04 3.160277814e-02 4.469414467e-02
3.215343161e-02 -4.470656731e-02 3.113776073e-02 -1.480360039e-04 3.110219553e-02 4.467935944e-02
3.206040659e-02 -4.471034187e-02 3.143588552e-02 -7.091868973e-04 3.059395193e-02 4.464872878e-02
3.196700427e-02 -4.471235180e-02 3.173121865e-02 -1.270225944e-03 3.007817184e-02 4.460226257e-02
3.187322504e-02 -4.471259604e-02 3.202373318e-02 -1.831064633e-03 2.955498165e-02 4.453997630e-02
3.177906930e-02 -4.471107358e-02 3.231340243e-02 -2.391614461e-03 2.902450960e-02 4.446189106e-02
3.168453745e-02 -4.470778348e-02 3.260019993e-02 -2.951786946e-03 2.848688575e-02 4.436803357e-02
3.158962991e-02 -4.470272489e-02 3.288409948e-02 -3.511493637e-03 2.794224193e-02 4.425843614e-02
3.149434711e-02 -4.469589701e-02 3.316507511e-02 -4.070646137e-03 2.739071174e-02 4.413313666e-02
3.139868947e-02 -4.468729913e-02 3.344310111e-02 -4.629156107e-03 2.683243050e-02 4.399217862e-02
3.130265745e-02 -4.467693060e-02 3.371815200e-02 -5.186935288e-03 2.626753521e-02 4.383561106e-02
3.120625149e-02 -4.466479083e-02 3.399020257e-02 -5.743895511e-03 2.569616455e-02 4.366348855e-02
3.110947206e-02 -4.465087933e-02 3.425922786e-02 -6.299948710e-03 2.511845879e-02 4.347587121e-02
3.101231963e-02 -4.463519566e-02 3.452520318e-02 -6.855006940e-03 2.453455980e-02 4.327282466e-02
3.091479468e-02 -4.461773946e-02 3.478810408e-02 -7.408982388e-03 2.394461102e-02 4.305442001e-02
3.081689770e-02 -4.459851044e-02 3.504790638e-02 -7.961787388e-03 2.334875738e-02 4.282073382e-02
3.071862919e-02 -4.457750838e-02 3.530458618e-02 -8.513334433e-03 2.274714532e-02 4.257184810e-02
3.061998967e-02 -4.455473314e-02 3.555811983e-02 -9.063536194e-03 2.213992270e-02 4.230785025e-02
3.052097964e-02 -4.453018465e-02 3.580848396e-02 -9.612305527e-03 2.152723881e-02 4.202883305e-02
3.042159965e-02 -4.450386290e-02 3.605565546e-02 -1.015955549e-02 2.090924432e-02 4.173489465e-02
3.032185022e-02 -4.447576798e-02 3.629961150e-02 -1.070519937e-02 2.028609121e-02 4.142613848e-02
3.022173191e-02 -4.444590003e-02 3.654032955e-02 -1.124915066e-02 1.965793278e-02 4.110267325e-02
3.012124528e-02 -4.441425926e-02 3.677778732e-02 -1.179132312e-02 1.902492360e-02 4.076461292e-02
3.002039089e-02 -4.438084597e-02 3.701196283e-02 -1.233163076e-02 1.838721945e-02 4.041207665e-02
2.991916931e-02 -4.434566053e-02 3.724283438e-02 -1.286998785e-02 1.774497731e-02 4.004518874e-02
2.981758115e-02 -4.430870338e-02 3.747038054e-02 -1.340630897e-02 1.709835528e-02 3.966407861e-02
2.971562699e-02 -4.426997504e-02 3.769458017e-02 -1.394050897e-02 1.644751261e-02 3.926888075e-02
2.961330743e-02 -4.422947608e-02 3.791541245e-02 -1.447250304e-02 1.579260958e-02 3.885973469e-02
2.951062311e-02 -4.418720717e-02 3.813285682e-02 -1.500220668e-02 1.513380755e-02 3.843678490e-02
2.940757464e-02 -4.414316905e-02 3.834689303e-02 -1.552953573e-02 1.447126882e-02 3.800018079e-02
2.930416266e-02 -4.409736253e-02 3.855750112e-02 -1.605440639e-02 1.380515668e-02 3.755007664e-02
2.920038781e-02 -4.404978849e-02 3.876466143e-02 -1.657673523e-02 1.313563530e-02 3.708663155e-02
2.909625076e-02 -4.400044788e-02 3.896835459e-02 -1.709643920e-02 1.246286975e-02 3.661000937e-02
2.899175217e-02 -4.394934175e-02 3.916856156e-02 -1.761343562e-02 1.178702592e-02 3.612037866e-02
2.888689271e-02 -4.389647120e-02 3.936526359e-02 -1.812764224e-02 1.110827048e-02 3.561791263e-02
2.878167307e-02 -4.384183741e-02 3.955844222e-02 -1.863897724e-02 1.042677086e-02 3.510278906e-02
2.867609395e-02 -4.378544164e-02 3.974807932e-02 -1.914735921e-02 9.742695199e-03 3.457519026e-02
2.857015605e-02 -4.372728521e-02 3.993415707e-02 -1.965270720e-02 9.056212290e-03 3.403530300e-02
2.846386009e-02 -4.366736954e-02 4.011665794e-02 -2.015494071e-02 8.367491559e-03 3.348331843e-02
2.835720680e-02 -4.360569610e-02 4.029556474e-02 -2.065397973e-02 7.676703015e-03 3.291943204e-02
2.825019691e-02 -4.354226646e-02 4.047086059e-02 -2.114974472e-02 6.984017205e-03 3.234384356e-02
2.814283117e-02 -4.347708224e-02 4.064252892e-02 -2.164215664e-02 6.289605175e-03 3.175675692e-02
2.803511033e-02 -4.341014515e-02 4.081055348e-02 -2.213113696e-02 5.593638428e-03 3.115838014e-02
2.792703516e-02 -4.334145697e-02 4.097491834e-02 -2.261660770e-02 4.896288881e-03 3.054892531e-02
2.781860645e-02 -4.327101955e-02 4.113560789e-02 -2.309849137e-02 4.197728821e-03 2.992860847e-02
2.770982497e-02 -4.319883484e-02 4.129260687e-02 -2.357671108e-02 3.498130867e-03 2.929764955e-02
2.760069152e-02 -4.312490483e-02 4.144590032e-02 -2.405119046e-02 2.797667920e-03 2.865627228e-02
2.749120691e-02 -4.304923161e-02 4.159547361e-02 -2.452185374e-02 2.096513128e-03 2.800470415e-02
2.738137196e-02 -4.297181734e-02 4.174131245e-02 -2.498862573e-02 1.394839838e-03 2.734317629e-02
2.727118750e-02 -4.289266424e-02 4.188340286e-02 -2.545143183e-02 6.928215552e-04 2.667192338e-02
2.716065436e-02 -4.281177464e-02 4.202173123e-02 -2.591019806e-02 -9.368101754e-06 2.599118362e-02
2.704977339e-02 -4.272915090e-02 4.215628424e-02 -2.636485107e-02 -7.115554413e-04 2.530119860e-02
2.693854545e-02 -4.264479550e-02 4.228704893e-02 -2.681531814e-02 -1.413566744e-03 2.460221321e-02
2.682697142e-02 -4.255871097e-02 4.241401269e-02 -2.726152717e-02 -2.115228303e-03 2.389447562e-02
2.671505216e-02 -4.247089992e-02 4.253716321e-02 -2.770340677e-02 -2.816366473e-03 2.317823708e-02
2.660278856e-02 -4.238136503e-02 4.265648855e-02 -2.814088617e-02 -3.516807704e-03 2.245375196e-02
2.649018154e-02 -4.229010907e-02 4.277197711e-02 -2.857389533e-02 -4.216378595e-03 2.172127754e-02
2.637723199e-02 -4.219713487e-02 4.288361761e-02 -2.900236486e-02 -4.914905928e-03 2.098107400e-02
2.626394084e-02 -4.210244535e-02 4.299139913e-02 -2.942622609e-02 -5.612216717e-03 2.023340430e-02
2.615030901e-02 -4.200604350e-02 4.309531110e-02 -2.984541109e-02 -6.308138247e-03 1.947853409e-02
2.603633745e-02 -4.190793237e-02 4.319534328e-02 -3.025985262e-02 -7.002498121e-03 1.871673161e-02
2.592202712e-02 -4.180811512e-02 4.329148580e-02 -3.066948420e-02 -7.695124297e-03 1.794826760e-02
2.580737896e-02 -4.170659495e-02 4.338372910e-02 -3.107424009e-02 -8.385845139e-03 1.717341519e-02
2.569239395e-02 -4.160337515e-02 4.347206401e-02 -3.147405533e-02 -9.074489451e-03 1.639244985e-02
2.557707307e-02 -4.149845910e-02 4.355648169e-02 -3.186886570e-02 -9.760886526e-03 1.560564921e-02
2.546141732e-02 -4.139185023e-02 4.363697365e-02 -3.225860778e-02 -1.044486619e-02 1.481329306e-02
2.534542770e-02 -4.128355205e-02 4.371353177e-02 -3.264321894e-02 -1.112625882e-02 1.401566316e-02
2.522910522e-02 -4.117356817e-02 4.378614826e-02 -3.302263735e-02 -1.180489545e-02 1.321304321e-02
2.511245090e-02 -4.106190224e-02 4.385481570e-02 -3.339680200e-02 -1.248060772e-02 1.240571869e-02
2.499546577e-02 -4.094855802e-02 4.391952703e-02 -3.376565268e-02 -1.315322799e-02 1.159397682e-02
2.487815089e-02 -4.083353931e-02 4.398027552e-02 -3.412913005e-02 -1.382258938e-02 1.077810640e-02
2.476050730e-02 -4.071685001e-02 4.403705483e-02 -3.448717556e-02 -1.448852576e-02 9.958397742e-03
2.464253607e-02 -4.059849409e-02 4.408985896e-02 -3.483973157e-02 -1.515087184e-02 9.135142563e-03
2.452423826e-02 -4.047847560e-02 4.413868227e-02 -3.518674126e-02 -1.580946319e-02 8.308633871e-03
2.440561498e-02 -4.035679864e-02 4.418351949e-02 -3.552814870e-02 -1.646413627e-02 7.479165865e-03
2.428666730e-02 -4.023346741e-02 4.422436569e-02 -3.586389883e-02 -1.711472852e-02 6.647033832e-03
2.416739635e-02 -4.010848617e-02 4.426121633e-02 -3.619393749e-02 -1.776107833e-02 5.812534043e-03
2.404780322e-02 -3.998185928e-02 4.429406720e-02 -3.651821140e-02 -1.840302515e-02 4.975963642e-03
2.392788905e-02 -3.985359114e-02 4.432291447e-02 -3.683666821e-02 -1.904040947e-02 4.137620547e-03
2.380765497e-02 -3.972368625e-02 4.434775468e-02 -3.714925648e-02 -1.967307291e-02 3.297803337e-03
2.368710213e-02 -3.959214917e-02 4.436858473e-02 -3.745592569e-02 -2.030085821e-02 2.456811151e-03
2.356623169e-02 -3.945898454e-02 4.438540186e-02 -3.775662624e-02 -2.092360933e-02 1.614943580e-03
2.344504481e-02 -3.932419707e-02 4.439820370e-02 -3.805130949e-02 -2.154117143e-02 7.725005573e-04
2.332354266e-02 -3.918779156e-02 4.440698824e-02 -3.833992776e-02 -2.215339093e-02 -7.021774443e-05
2.320172644e-02 -3.904977285e-02 4.441175384e-02 -3.862243430e-02 -2.276011559e-02 -9.129110229e-04
2.307959734e-02 -3.891014590e-02 4.441249921e-02 -3.889878333e-02 -2.336119446e-02 -1.755278952e-03
2.295715657e-02 -3.876891570e-02 4.440922344e-02 -3.916893007e-02 -2.395647800e-02 -2.597021290e-03
2.283440535e-02 -3.862608734e-02 4.440192598e-02 -3.943283068e-02 -2.454581809e-02 -3.437837986e-03
2.271134489e-02 -3.848166598e-02 4.439060666e-02 -3.969044235e-02 -2.512906805e-02 -4.277429287e-03
2.258797645e-02 -3.833565684e-02 4.437526566e-02 -3.994172323e-02 -2.570608268e-02 -5.115495844e-03
2.246430127e-02 -3.818806523e-02 4.435590352e-02 -4.018663249e-02 -2.627671833e-02 -5.951738824e-03
2.234032060e-02 -3.803889652e-02 4.433252118e-02 -4.042513032e-02 -2.684083291e-02 -6.785860007e-03
2.221603571e-02 -3.788815615e-02 4.430511993e-02 -4.065717789e-02 -2.739828591e-02 -7.617561905e-03
2.209144789e-02 -3.773584966e-02 4.427370141e-02 -4.088273743e-02 -2.794893846e-02 -8.446547856e-03
2.196655841e-02 -3.758198263e-02 4.423826766e-02 -4.110177218e-02 -2.849265338e-02 -9.272522138e-03
2.184136857e-02 -3.742656072e-02 4.419882106e-02 -4.131424642e-02 -2.902929517e-02 -1.009519007e-02
2.171587969e-02 -3.726958969e-02 4.415536438e-02 -4.152012547e-02 -2.955873008e-02 -1.091425814e-02
2.159009308e-02 -3.711107533e-02 4.410790074e-02 -4.171937570e-02 -3.008082611e-02 -1.172943404e-02
2.146401007e-02 -3.695102352e-02 4.405643364e-02 -4.191196454e-02 -3.059545309e-02 -1.254042689e-02
2.133763199e-02 -3.678944022e-02 4.400096695e-02 -4.209786045e-02 -3.110248269e-02 -1.334694720e-02
2.121096019e-02 -3.662633146e-02 4.394150489e-02 -4.227703299e-02 -3.160178841e-02 -1.414870711e-02
2.108399604e-02 -3.646170333e-02 4.387805206e-02 -4.244945277e-02 -3.209324570e-02 -1.494542039e-02
2.095674088e-02 -3.629556199e-02 4.381061343e-02 -4.261509148e-02 -3.257673191e-02 -1.573680259e-02
2.082919612e-02 -3.612791368e-02 4.373919433e-02 -4.277392188e-02 -3.305212637e-02 -1.652257114e-02
2.070136311e-02 -3.595876472e-02 4.366380045e-02 -4.292591783e-02 -3.351931040e-02 -1.730244544e-02
2.057324328e-02 -3.578812148e-02 4.358443787e-02 -4.307105427e-02 -3.397816734e-02 -1.807614697e-02
2.044483801e-02 -3.561599040e-02 4.350111302e-02 -4.320930724e-02 -3.442858259e-02 -1.884339937e-02
2.031614874e-02 -3.544237801e-02 4.341383268e-02 -4.334065386e-02 -3.487044363e-02 -1.960392859e-02
2.018717687e-02 -3.526729090e-02 4.332260403e-02 -4.346507237e-02 -3.530364006e-02 -2.035746290e-02
2.005792385e-02 -3.509073572e-02 4.322743459e-02 -4.358254210e-02 -3.572806360e-02 -2.110373309e-02
1.992839112e-02 -3.491271920e-02 4.312833225e-02 -4.369304351e-02 -3.614360815e-02 -2.184247249e-02
1.979858013e-02 -3.473324814e-02 4.302530526e-02 -4.379655815e-02 -3.655016980e-02 -2.257341709e-02
1.966849236e-02 -3.455232940e-02 4.291836224e-02 -4.389306870e-02 -3.694764687e-02 -2.329630565e-02
1.953812926e-02 -3.436996992e-02 4.280751217e-02 -4.398255895e-02 -3.733593991e-02 -2.401087978e-02
1.940749233e-02 -3.418617669e-02 4.269276439e-02 -4.406501382e-02 -3.771495175e-02 -2.471688401e-02
1.927658306e-02 -3.400095679e-02 4.257412861e-02 -4.414041936e-02 -3.808458752e-02 -2.541406595e-02
1.914540294e-02 -3.381431735e-02 4.245161488e-02 -4.420876272e-02 -3.844475466e-02 -2.610217629e-02
1.901395350e-02 -3.362626559e-02 4.232523364e-02 -4.427003221e-02 -3.879536295e-02 -2.678096896e-02
1.888223624e-02 -3.343680876e-02 4.219499565e-02 -4.432421726e-02 -3.913632456e-02 -2.745020119e-02
1.875025270e-02 -3.324595422e-02 4.206091207e-02 -4.437130843e-02 -3.946755402e-02 -2.810963359e-02
1.861800441e-02 -3.305370937e-02 4.192299438e-02 -4.441129742e-02 -3.978896828e-02 -2.875903028e-02
1.848549293e-02 -3.286008168e-02 4.178125444e-02 -4.444417707e-02 -4.010048674e-02 -2.939815890e-02
1.835271982e-02 -3.266507869e-02 4.163570446e-02 -4.446994136e-02 -4.040203124e-02 -3.002679075e-02
1.821968663e-02 -3.246870801e-02 4.148635701e-02 -4.448858541e-02 -4.069352607e-02 -3.064470088e-02
1.808639495e-02 -3.227097730e-02 4.133322499e-02 -4.450010546e-02 -4.097489804e-02 -3.125166812e-02
1.795284635e-02 -3.207189430e-02 4.117632168e-02 -4.450449894e-02 -4.124607646e-02 -3.184747519e-02
1.781904244e-02 -3.187146681e-02 4.101566070e-02 -4.450176436e-02 -4.150699318e-02 -3.243190881e-02
1.768498481e-02 -3.166970270e-02 4.085125602e-02 -4.449190144e-02 -4.175758258e-02 -3.300475970e-02
1.755067508e-02 -3.146660990e-02 4.068312195e-02 -4.447491099e-02 -4.199778162e-02 -3.356582272e-02
1.741611487e-02 -3.126219639e-02 4.051127317e-02 -4.445079500e-02 -4.222752980e-02 -3.411489692e-02
1.728130581e-02 -3.105647024e-02 4.033572469e-02 -4.441955659e-02 -4.244676928e-02 -3.465178562e-02
1.714624952e-02 -3.084943957e-02 4.015649188e-02 -4.438120002e-02 -4.265544476e-02 -3.517629647e-02
1.701094768e-02 -3.064111256e-02 3.997359042e-02 -4.433573070e-02 -4.285350362e-02 -3.568824153e-02
1.687540192e-02 -3.043149745e-02 3.978703638e-02 -4.428315519e-02 -4.304089585e-02 -3.618743732e-02
1.673961391e-02 -3.022060257e-02 3.959684614e-02 -4.422348117e-02 -4.321757409e-02 -3.667370492e-02
1.660358533e-02 -3.000843627e-02 3.940303643e-02 -4.415671749e-02 -4.338349364e-02 -3.714687000e-02
1.646731785e-02 -2.979500699e-02 3.920562431e-02 -4.408287412e-02 -4.353861250e-02 -3.760676290e-02
1.633081318e-02 -2.958032322e-02 3.900462720e-02 -4.400196218e-02 -4.368289133e-02 -3.805321868e-02
1.619407300e-02 -2.936439352e-02 3.880006283e-02 -4.391399392e-02 -4.381629349e-02 -3.848607720e-02
1.605709903e-02 -2.914722651e-02 3.859194928e-02 -4.381898273e-02 -4.393878506e-02 -3.890518318e-02
1.591989298e-02 -2.892883086e-02 3.838030496e-02 -4.371694315e-02 -4.405033481e-02 -3.931038620e-02
1.578245658e-02 -2.870921531e-02 3.816514861e-02 -4.360789081e-02 -4.415091424e-02 -3.970154082e-02
1.564479155e-02 -2.848838864e-02 3.794649929e-02 -4.349184252e-02 -4.424049761e-02 -4.007850663e-02
1.550689965e-02 -2.826635973e-02 3.772437641e-02 -4.336881618e-02 -4.431906187e-02 -4.044114825e-02
1.536878261e-02 -2.804313747e-02 3.749879969e-02 -4.323883084e-02 -4.438658676e-02 -4.078933540e-02
1.523044220e-02 -2.781873085e-02 3.726978917e-02 -4.310190665e-02 -4.444305472e-02 -4.112294300e-02
1.509188018e-02 -2.759314889e-02 3.703736524e-02 -4.295806489e-02 -4.448845098e-02 -4.144185114e-02
1.495309833e-02 -2.736640069e-02 3.680154857e-02 -4.280732797e-02 -4.452276352e-02 -4.174594514e-02
1.481409842e-02 -2.713849538e-02 3.656236019e-02 -4.264971938e-02 -4.454598308e-02 -4.203511565e-02
1.467488226e-02 -2.690944217e-02 3.631982142e-02 -4.248526375e-02 -4.455810315e-02 -4.230925862e-02
1.453545163e-02 -2.667925031e-02 3.607395390e-02 -4.231398681e-02 -4.455912001e-02 -4.256827537e-02
1.439580835e-02 -2.644792913e-02 3.582477961e-02 -4.213591537e-02 -4.454903270e-02 -4.281207260e-02
1.425595422e-02 -2.621548800e-02 3.557232080e-02 -4.195107736e-02 -4.452784301e-02 -4.304056249e-02
1.411589106e-02 -2.598193633e-02 3.531660006e-02 -4.175950179e-02 -4.449555552e-02 -4.325366264e-02
1.397562072e-02 -2.574728361e-02 3.505764027e-02 -4.156121878e-02 -4.445217757e-02 -4.345129617e-02
1.383514502e-02 -2.551153938e-02 3.479546464e-02 -4.135625951e-02 -4.439771927e-02 -4.363339173e-02
1.369446581e-02 -2.527471323e-02 3.453009665e-02 -4.114465624e-02 -4.433219349e-02 -4.379988351e-02
1.355358494e-02 -2.503681479e-02 3.426156011e-02 -4.092644232e-02 -4.425561585e-02 -4.395071127e-02
1.341250428e-02 -2.479785377e-02 3.398987913e-02 -4.070165217e-02 -4.416800477e-02 -4.408582038e-02
1.327122568e-02 -2.455783992e-02 3.371507808e-02 -4.047032126e-02 -4.406938136e-02 -4.420516181e-02
1.312975103e-02 -2.431678304e-02 3.343718167e-02 -4.023248613e-02 -4.395976954e-02 -4.430869220e-02
1.298808221e-02 -2.407469298e-02 3.315621489e-02 -3.998818436e-02 -4.383919593e-02 -4.439637381e-02
1.284622110e-02 -2.383157964e-02 3.287220300e-02 -3.973745460e-02 -4.370768991e-02 -4.446817457e-02
1.270416961e-02 -2.358745299e-02 3.258517158e-02 -3.948033651e-02 -4.356528359e-02 -4.452406811e-02
1.256192964e-02 -2.334232304e-02 3.229514648e-02 -3.921687080e-02 -4.341201179e-02 -4.456403371e-02
1.241950310e-02 -2.309619983e-02 3.200215382e-02 -3.894709923e-02 -4.324791205e-02 -4.458805639e-02
1.227689192e-02 -2.284909349e-02 3.170622004e-02 -3.867106456e-02 -4.307302462e-02 -4.459612684e-02
1.213409801e-02 -2.260101416e-02 3.140737181e-02 -3.838881055e-02 -4.288739244e-02 -4.458824147e-02
1.199112331e-02 -2.235197206e-02 3.110563613e-02 -3.810038200e-02 -4.269106115e-02 -4.456440240e-02
1.184796976e-02 -2.210197743e-02 3.080104023e-02 -3.780582469e-02 -4.248407904e-02 -4.452461744e-02
1.170463931e-02 -2.185104059e-02 3.049361164e-02 -3.750518542e-02 -4.226649708e-02 -4.446890015e-02
1.156113391e-02 -2.159917188e-02 3.018337814e-02 -3.719851194e-02 -4.203836889e-02 -4.439726973e-02
1.141745553e-02 -2.134638170e-02 2.987036780e-02 -3.688585301e-02 -4.179975071e-02 -4.430975113e-02
1.127360613e-02 -2.109268050e-02 2.955460893e-02 -3.656725836e-02 -4.155070144e-02 -4.420637495e-02
1.112958768e-02 -2.083807876e-02 2.923613011e-02 -3.624277866e-02 -4.129128256e-02 -4.408717749e-02
1.098540218e-02 -2.058258703e-02 2.891496020e-02 -3.591246556e-02 -4.102155815e-02 -4.395220071e-02
1.084105160e-02 -2.032621589e-02 2.859112829e-02 -3.557637165e-02 -4.074159487e-02 -4.380149220e-02
1.069653795e-02 -2.006897596e-02 2.826466374e-02 -3.523455046e-02 -4.045146195e-02 -4.363510522e-02
1.055186322e-02 -1.981087792e-02 2.793559615e-02 -3.488705645e-02 -4.015123115e-02 -4.345309862e-02
1.040702943e-02 -1.955193249e-02 2.760395538e-02 -3.453394501e-02 -3.984097679e-02 -4.325553685e-02
1.026203858e-02 -1.929215042e-02 2.726977152e-02 -3.417527244e-02 -3.952077566e-02 -4.304248993e-02
1.011689271e-02 -1.903154252e-02 2.693307493e-02 -3.381109593e-02 -3.919070707e-02 -4.281403343e-02
9.971593830e-03 -1.877011963e-02 2.659389619e-02 -3.344147360e-02 -3.885085279e-02 -4.257024845e-02
9.826143986e-03 -1.850789265e-02 2.625226613e-02 -3.306646442e-02 -3.850129704e-02 -4.231122157e-02
9.680545216e-03 -1.824487249e-02 2.590821580e-02 -3.268612827e-02 -3.814212649e-02 -4.203704484e-02
9.534799567e-03 -1.798107014e-02 2.556177649e-02 -3.230052588e-02 -3.777343020e-02 -4.174781573e-02
9.388909093e-03 -1.771649661e-02 2.521297974e-02 -3.190971883e-02 -3.739529963e-02 -4.144363714e-02
9.242875855e-03 -1.745116295e-02 2.486185729e-02 -3.151376958e-02 -3.700782859e-02 -4.112461728e-02
9.096701917e-03 -1.718508025e-02 2.450844110e-02 -3.111274140e-02 -3.661111325e-02 -4.079086972e-02
8.950389354e-03 -1.691825964e-02 2.415276339e-02 -3.070669840e-02 -3.620525209e-02 -4.044251330e-02
8.803940243e-03 -1.665071231e-02 2.379485655e-02 -3.029570552e-02 -3.579034589e-02 -4.007967208e-02
8.657356669e-03 -1.638244944e-02 2.343475323e-02 -2.987982848e-02 -3.536649770e-02 -3.970247536e-02
8.510640725e-03 -1.611348231e-02 2.307248625e-02 -2.945913383e-02 -3.493381280e-02 -3.931105756e-02
8.363794506e-03 -1.584382219e-02 2.270808867e-02 -2.903368889e-02 -3.449239872e-02 -3.890555819e-02
8.216820117e-03 -1.557348040e-02 2.234159376e-02 -2.860356176e-02 -3.404236516e-02 -3.848612185e-02
8.069719667e-03 -1.530246831e-02 2.197303496e-02 -2.816882131e-02 -3.358382398e-02 -3.805289811e-02
7.922495271e-03 -1.503079731e-02 2.160244595e-02 -2.772953717e-02 -3.311688919e-02 -3.760604152e-02
7.775149051e-03 -1.475847884e-02 2.122986057e-02 -2.728577970e-02 -3.264167691e-02 -3.714571150e-02
7.627683135e-03 -1.448552436e-02 2.085531290e-02 -2.683762001e-02 -3.215830534e-02 -3.667207231e-02
7.480099657e-03 -1.421194538e-02 2.047883717e-02 -2.638512991e-02 -3.166689473e-02 -3.618529300e-02
7.332400755e-03 -1.393775343e-02 2.010046782e-02 -2.592838195e-02 -3.116756736e-02 -3.568554735e-02
7.184588577e-03 -1.366296010e-02 1.972023947e-02 -2.546744937e-02 -3.066044748e-02 -3.517301377e-02
7.036665273e-03 -1.338757698e-02 1.933818693e-02 -2.500240608e-02 -3.014566132e-02 -3.464787529e-02
6.888633001e-03 -1.311161571e-02 1.895434517e-02 -2.453332668e-02 -2.962333705e-02 -3.411031946e-02
6.740493926e-03 -1.283508797e-02 1.856874937e-02 -2.406028645e-02 -2.909360472e-02 -3.356053829e-02
6.592250216e-03 -1.255800547e-02 1.818143484e-02 -2.358336129e-02 -2.855659626e-02 -3.299872820e-02
6.443904049e-03 -1.228037993e-02 1.779243710e-02 -2.310262777e-02 -2.801244542e-02 -3.242508993e-02
6.295457604e-03 -1.200222313e-02 1.740179181e-02 -2.261816307e-02 -2.746128777e-02 -3.183982847e-02
6.146913071e-03 -1.172354687e-02 1.700953482e-02 -2.213004500e-02 -2.690326063e-02 -3.124315299e-02
5.998272643e-03 -1.144436299e-02 1.661570212e-02 -2.163835197e-02 -2.633850307e-02 -3.063527679e-02
5.849538520e-03 -1.116468333e-02 1.622032985e-02 -2.114316297e-02 -2.576715586e-02 -3.001641717e-02
5.700712908e-03 -1.088451980e-02 1.582345434e-02 -2.064455760e-02 -2.518936141e-02 -2.938679541e-02
5.551798020e-03 -1.060388431e-02 1.542511204e-02 -2.014261598e-02 -2.460526380e-02 -2.874663667e-02
5.402796072e-03 -1.032278882e-02 1.502533955e-02 -1.963741884e-02 -2.401500867e-02 -2.809616988e-02
5.253709291e-03 -1.004124530e-02 1.462417364e-02 -1.912904740e-02 -2.341874325e-02 -2.743562772e-02
5.104539906e-03 -9.759265770e-03 1.422165120e-02 -1.861758345e-02 -2.281661626e-02 -2.676524647e-02
4.955290154e-03 -9.476862261e-03 1.381780927e-02 -1.810310928e-02 -2.220877793e-02 -2.608526598e-02
4.805962279e-03 -9.194046838e-03 1.341268501e-02 -1.758570768e-02 -2.159537994e-02 -2.539592957e-02
4.656558529e-03 -8.910831593e-03 1.300631574e-02 -1.706546194e-02 -2.097657536e-02 -2.469748392e-02
4.507081162e-03 -8.627228645e-03 1.259873887e-02 -1.654245581e-02 -2.035251866e-02 -2.399017901e-02
4.357532438e-03 -8.343250142e-03 1.218999199e-02 -1.601677353e-02 -1.972336564e-02 -2.327426803e-02
4.207914626e-03 -8.058908254e-03 1.178011275e-02 -1.548849977e-02 -1.908927339e-02 -2.255000726e-02
4.058230003e-03 -7.774215182e-03 1.136913898e-02 -1.495771965e-02 -1.845040025e-02 -2.181765602e-02
3.908480850e-03 -7.489183149e-03 1.095710859e-02 -1.442451872e-02 -1.780690581e-02 -2.107747655e-02
3.758669455e-03 -7.203824407e-03 1.054405961e-02 -1.388898292e-02 -1.715895083e-02 -2.032973393e-02
3.608798115e-03 -6.918151230e-03 1.013003019e-02 -1.335119861e-02 -1.650669719e-02 -1.957469598e-02
3.458869131e-03 -6.632175920e-03 9.715058584e-03 -1.281125253e-02 -1.585030790e-02 -1.881263318e-02
3.308884813e-03 -6.345910802e-03 9.299183141e-03 -1.226923178e-02 -1.518994703e-02 -1.804381854e-02
3.158847476e-03 -6.059368225e-03 8.882442321e-03 -1.172522384e-02 -1.452577965e-02 -1.726852753e-02
3.008759446e-03 -5.772560563e-03 8.464874680e-03 -1.117931652e-02 -1.385797183e-02 -1.648703799e-02
2.858623051e-03 -5.485500214e-03 8.046518867e-03 -1.063159795e-02 -1.318669058e-02 -1.569963001e-02
2.708440631e-03 -5.198199599e-03 7.627413625e-03 -1.008215660e-02 -1.251210381e-02 -1.490658582e-02
2.558214531e-03 -4.910671164e-03 7.207597784e-03 -9.531081229e-03 -1.183438027e-02 -1.410818975e-02
2.407947105e-03 -4.622927376e-03 6.787110259e-03 -8.978460897e-03 -1.115368956e-02 -1.330472804e-02
2.257640713e-03 -4.334980727e-03 6.365990050e-03 -8.424384932e-03 -1.047020203e-02 -1.249648883e-02
2.107297724e-03 -4.046843730e-03 5.944276233e-03 -7.868942926e-03 -9.784088774e-03 -1.168376198e-02
1.956920516e-03 -3.758528922e-03 5.522007964e-03 -7.312224724e-03 -9.095521575e-03 -1.086683903e-02
1.806511473e-03 -3.470048863e-03 5.099224468e-03 -6.754320400e-03 -8.404672871e-03 -1.004601305e-02
1.656072990e-03 -3.181416133e-03 4.675965042e-03 -6.195320255e-03 -7.711715705e-03 -9.221578551e-03
1.505607467e-03 -2.892643335e-03 4.252269051e-03 -5.635314795e-03 -7.016823685e-03 -8.393831400e-03
1.355117316e-03 -2.603743096e-03 3.828175923e-03 -5.074394719e-03 -6.320170945e-03 -7.563068689e-03
1.204604956e-03 -2.314728063e-03 3.403725147e-03 -4.512650909e-03 -5.621932099e-03 -6.729588642e-03
1.054072817e-03 -2.025610904e-03 2.978956270e-03 -3.950174410e-03 -4.922282198e-03 -5.893690508e-03
9.035233351e-04 -1.736404310e-03 2.553908892e-03 -3.387056420e-03 -4.221396689e-03 -5.055674453e-03
7.529589586e-04 -1.447120993e-03 2.128622669e-03 -2.823388277e-03 -3.519451374e-03 -4.215841456e-03
6.023821444e-04 -1.157773688e-03 1.703137303e-03 -2.259261442e-03 -2.816622363e-03 -3.374493202e-03
4.517953592e-04 -8.683751487e-04 1.277492541e-03 -1.694767488e-03 -2.113086032e-03 -2.531931974e-03
3.012010801e-04 -5.789381523e-04 8.517281761e-04 -1.129998083e-03 -1.409018983e-03 -1.688460545e-03
1.506017944e-04 -2.894754963e-04 4.258840396e-04 -5.650449800e-04 -7.045979993e-04 -8.443820753e-04
