1.511599626e-04 2.906278757e-04 4.276870508e-04 -5.673429741e-04 -7.068744699e-04 8.460032036e-04
3.023172600e-04 5.812425782e-04 8.553336276e-04 -1.134593209e-03 -1.413570829e-03 1.691701679e-03
4.534692222e-04 8.718309247e-04 1.282899245e-03 -1.701657961e-03 -2.119910988e-03 2.536790777e-03
6.046131765e-04 1.162379730e-03 1.710343420e-03 -2.268444509e-03 -2.825716934e-03 3.380966057e-03
7.557464500e-04 1.452875807e-03 2.137625677e-03 -2.834860172e-03 -3.530810788e-03 4.223923402e-03
9.068663694e-04 1.743305974e-03 2.564705556e-03 -3.400812333e-03 -4.235014849e-03 5.065359133e-03
1.057970263e-03 2.033657051e-03 2.991542620e-03 -3.966208449e-03 -4.938151641e-03 5.904970123e-03
1.209055459e-03 2.323915863e-03 3.418096454e-03 -4.530956074e-03 -5.640043964e-03 6.742453908e-03
1.360119288e-03 2.614069245e-03 3.844326676e-03 -5.094962871e-03 -6.340514936e-03 7.577508796e-03
1.511159084e-03 2.904104036e-03 4.270192939e-03 -5.658136634e-03 -7.039388043e-03 8.409833981e-03
1.662172181e-03 3.194007086e-03 4.695654936e-03 -6.220385297e-03 -7.736487182e-03 9.239129652e-03
1.813155917e-03 3.483765258e-03 5.120672404e-03 -6.781616956e-03 -8.431636707e-03 1.006509710e-02
1.964107634e-03 3.773365421e-03 5.545205131e-03 -7.341739881e-03 -9.124661475e-03 1.088743883e-02
2.115024675e-03 4.062794460e-03 5.969212957e-03 -7.900662536e-03 -9.815386893e-03 1.170585867e-02
2.265904389e-03 4.352039274e-03 6.392655780e-03 -8.458293588e-03 -1.050363896e-02 1.252006187e-02
2.416744126e-03 4.641086772e-03 6.815493561e-03 -9.014541930e-03 -1.118924431e-02 1.332975522e-02
2.567541242e-03 4.929923884e-03 7.237686325e-03 -9.569316692e-03 -1.187203025e-02 1.413464716e-02
2.718293097e-03 5.218537552e-03 7.659194172e-03 -1.012252726e-02 -1.255182485e-02 1.493444787e-02
2.868997055e-03 5.506914736e-03 8.079977274e-03 -1.067408328e-02 -1.322845690e-02 1.572886937e-02
3.019650485e-03 5.795042414e-03 8.499995882e-03 -1.122389470e-02 -1.390175604e-02 1.651762567e-02
3.170250761e-03 6.082907585e-03 8.919210332e-03 -1.177187175e-02 -1.457155275e-02 1.730043281e-02
3.320795261e-03 6.370497266e-03 9.337581048e-03 -1.231792498e-02 -1.523767843e-02 1.807700902e-02
3.471281369e-03 6.657798494e-03 9.755068545e-03 -1.286196528e-02 -1.589996539e-02 1.884707478e-02
3.621706475e-03 6.944798328e-03 1.017163343e-02 -1.340390387e-02 -1.655824697e-02 1.961035295e-02
3.772067975e-03 7.231483852e-03 1.058723642e-02 -1.394365235e-02 -1.721235751e-02 2.036656884e-02
3.922363269e-03 7.517842171e-03 1.100183834e-02 -1.448112267e-02 -1.786213243e-02 2.111545036e-02
4.072589765e-03 7.803860414e-03 1.141540009e-02 -1.501622719e-02 -1.850740827e-02 2.185672805e-02
4.222744877e-03 8.089525737e-03 1.182788272e-02 -1.554887868e-02 -1.914802271e-02 2.259013524e-02
4.372826025e-03 8.374825322e-03 1.223924739e-02 -1.607899030e-02 -1.978381465e-02 2.331540811e-02
4.522830637e-03 8.659746376e-03 1.264945537e-02 -1.660647567e-02 -2.041462420e-02 2.403228581e-02
4.672756147e-03 8.944276137e-03 1.305846805e-02 -1.713124886e-02 -2.104029279e-02 2.474051052e-02
4.822599996e-03 9.228401870e-03 1.346624698e-02 -1.765322440e-02 -2.166066313e-02 2.543982758e-02
4.972359634e-03 9.512110869e-03 1.387275380e-02 -1.817231728e-02 -2.227557930e-02 2.612998557e-02
5.122032517e-03 9.795390462e-03 1.427795032e-02 -1.868844301e-02 -2.288488681e-02 2.681073639e-02
5.271616111e-03 1.007822801e-02 1.468179849e-02 -1.920151760e-02 -2.348843256e-02 2.748183535e-02
5.421107889e-03 1.036061089e-02 1.508426038e-02 -1.971145756e-02 -2.408606498e-02 2.814304129e-02
5.570505332e-03 1.064252654e-02 1.548529825e-02 -2.021817998e-02 -2.467763397e-02 2.879411662e-02
5.719805932e-03 1.092396242e-02 1.588487446e-02 -2.072160245e-02 -2.526299103e-02 2.943482744e-02
5.869007187e-03 1.120490602e-02 1.628295159e-02 -2.122164317e-02 -2.584198921e-02 3.006494362e-02
6.018106608e-03 1.148534486e-02 1.667949233e-02 -2.171822087e-02 -2.641448323e-02 3.068423888e-02
6.167101712e-03 1.176526653e-02 1.707445956e-02 -2.221125493e-02 -2.698032946e-02 3.129249084e-02
6.315990028e-03 1.204465863e-02 1.746781634e-02 -2.270066528e-02 -2.753938598e-02 3.188948118e-02
6.464769095e-03 1.232350879e-02 1.785952588e-02 -2.318637250e-02 -2.809151261e-02 3.247499563e-02
6.613436463e-03 1.260180472e-02 1.824955159e-02 -2.366829781e-02 -2.863657095e-02 3.304882410e-02
6.761989690e-03 1.287953414e-02 1.863785704e-02 -2.414636305e-02 -2.917442440e-02 3.361076075e-02
6.910426350e-03 1.315668483e-02 1.902440601e-02 -2.462049074e-02 -2.970493824e-02 3.416060405e-02
7.058744024e-03 1.343324459e-02 1.940916246e-02 -2.509060407e-02 -3.022797960e-02 3.469815686e-02
7.206940306e-03 1.370920130e-02 1.979209054e-02 -2.555662691e-02 -3.074341754e-02 3.522322651e-02
7.355012804e-03 1.398454285e-02 2.017315461e-02 -2.601848384e-02 -3.125112308e-02 3.573562485e-02
7.502959136e-03 1.425925720e-02 2.055231922e-02 -2.647610014e-02 -3.175096921e-02 3.623516834e-02
7.650776935e-03 1.453333235e-02 2.092954913e-02 -2.692940184e-02 -3.224283093e-02 3.672167811e-02
7.798463843e-03 1.480675635e-02 2.130480933e-02 -2.737831567e-02 -3.272658532e-02 3.719498000e-02
7.946017521e-03 1.507951730e-02 2.167806499e-02 -2.782276915e-02 -3.320211149e-02 3.765490467e-02
8.093435640e-03 1.535160336e-02 2.204928153e-02 -2.826269055e-02 -3.366929071e-02 3.810128761e-02
8.240715885e-03 1.562300273e-02 2.241842457e-02 -2.869800889e-02 -3.412800635e-02 3.853396924e-02
8.387855958e-03 1.589370366e-02 2.278545997e-02 -2.912865402e-02 -3.457814399e-02 3.895279494e-02
8.534853574e-03 1.616369446e-02 2.315035382e-02 -2.955455657e-02 -3.501959137e-02 3.935761514e-02
8.681706464e-03 1.643296351e-02 2.351307243e-02 -2.997564797e-02 -3.545223848e-02 3.974828531e-02
8.828412373e-03 1.670149923e-02 2.387358237e-02 -3.039186051e-02 -3.587597757e-02 4.012466610e-02
8.974969063e-03 1.696929009e-02 2.423185044e-02 -3.080312727e-02 -3.629070316e-02 4.048662330e-02
9.121374314e-03 1.723632464e-02 2.458784368e-02 -3.120938220e-02 -3.669631209e-02 4.083402796e-02
9.267625919e-03 1.750259148e-02 2.494152939e-02 -3.161056013e-02 -3.709270353e-02 4.116675639e-02
9.413721690e-03 1.776807927e-02 2.529287511e-02 -3.200659672e-02 -3.747977901e-02 4.148469024e-02
9.559659457e-03 1.803277673e-02 2.564184866e-02 -3.239742852e-02 -3.785744247e-02 4.178771649e-02
9.705437067e-03 1.829667265e-02 2.598841808e-02 -3.278299300e-02 -3.822560023e-02 4.207572755e-02
9.851052383e-03 1.855975586e-02 2.633255173e-02 -3.316322850e-02 -3.858416105e-02 4.234862127e-02
9.996503290e-03 1.882201530e-02 2.667421818e-02 -3.353807428e-02 -3.893303618e-02 4.260630096e-02
1.014178769e-02 1.908343993e-02 2.701338631e-02 -3.390747052e-02 -3.927213930e-02 4.284867546e-02
1.028690350e-02 1.934401881e-02 2.735002525e-02 -3.427135835e-02 -3.960138663e-02 4.307565913e-02
1.043184866e-02 1.960374105e-02 2.768410444e-02 -3.462967982e-02 -3.992069690e-02 4.328717192e-02
1.057662114e-02 1.986259582e-02 2.801559355e-02 -3.498237794e-02 -4.022999137e-02 4.348313939e-02
1.072121891e-02 2.012057239e-02 2.834446259e-02 -3.532939668e-02 -4.052919388e-02 4.366349269e-02
1.086563997e-02 2.037766007e-02 2.867068181e-02 -3.567068100e-02 -4.081823084e-02 4.382816865e-02
1.100988235e-02 2.063384827e-02 2.899422179e-02 -3.600617679e-02 -4.109703126e-02 4.397710976e-02
1.115394408e-02 2.088912644e-02 2.931505337e-02 -3.633583099e-02 -4.136552676e-02 4.411026419e-02
1.129782322e-02 2.114348413e-02 2.963314770e-02 -3.665959149e-02 -4.162365159e-02 4.422758585e-02
1.144151787e-02 2.139691095e-02 2.994847624e-02 -3.697740719e-02 -4.187134268e-02 4.432903432e-02
1.158502612e-02 2.164939658e-02 3.026101074e-02 -3.728922804e-02 -4.210853957e-02 4.441457496e-02
1.172834611e-02 2.190093080e-02 3.057072325e-02 -3.759500496e-02 -4.233518451e-02 4.448417885e-02
1.187147598e-02 2.215150343e-02 3.087758614e-02 -3.789468993e-02 -4.255122243e-02 4.453782283e-02
1.201441390e-02 2.240110440e-02 3.118157208e-02 -3.818823597e-02 -4.275660097e-02 4.457548950e-02
1.215715807e-02 2.264972370e-02 3.148265406e-02 -3.847559711e-02 -4.295127048e-02 4.459716721e-02
1.229970670e-02 2.289735139e-02 3.178080538e-02 -3.875672846e-02 -4.313518402e-02 4.460285010e-02
1.244205804e-02 2.314397763e-02 3.207599967e-02 -3.903158617e-02 -4.330829741e-02 4.459253805e-02
1.258421034e-02 2.338959265e-02 3.236821086e-02 -3.930012747e-02 -4.347056919e-02 4.456623672e-02
1.272616189e-02 2.363418675e-02 3.265741320e-02 -3.956231064e-02 -4.362196069e-02 4.452395751e-02
1.286791099e-02 2.387775031e-02 3.294358130e-02 -3.981809503e-02 -4.376243595e-02 4.446571758e-02
1.300945599e-02 2.412027381e-02 3.322669005e-02 -4.006744111e-02 -4.389196184e-02 4.439153984e-02
1.315079522e-02 2.436174779e-02 3.350671470e-02 -4.031031037e-02 -4.401050794e-02 4.430145291e-02
1.329192707e-02 2.460216287e-02 3.378363080e-02 -4.054666546e-02 -4.411804667e-02 4.419549115e-02
1.343284994e-02 2.484150976e-02 3.405741427e-02 -4.077647007e-02 -4.421455319e-02 4.407369459e-02
1.357356225e-02 2.507977926e-02 3.432804133e-02 -4.099968902e-02 -4.430000548e-02 4.393610898e-02
1.371406244e-02 2.531696223e-02 3.459548855e-02 -4.121628823e-02 -4.437438429e-02 4.378278570e-02
1.385434898e-02 2.555304962e-02 3.485973282e-02 -4.142623471e-02 -4.443767319e-02 4.361378180e-02
1.399442037e-02 2.578803246e-02 3.512075139e-02 -4.162949660e-02 -4.448985851e-02 4.342915994e-02
1.413427512e-02 2.602190186e-02 3.537852183e-02 -4.182604315e-02 -4.453092942e-02 4.322898836e-02
1.427391175e-02 2.625464901e-02 3.563302204e-02 -4.201584473e-02 -4.456087786e-02 4.301334087e-02
1.441332884e-02 2.648626519e-02 3.588423030e-02 -4.219887283e-02 -4.457969857e-02 4.278229683e-02
1.455252495e-02 2.671674176e-02 3.613212518e-02 -4.237510005e-02 -4.458738910e-02 4.253594108e-02
1.469149870e-02 2.694607013e-02 3.637668562e-02 -4.254450015e-02 -4.458394976e-02 4.227436395e-02
1.483024869e-02 2.717424182e-02 3.661789091e-02 -4.270704798e-02 -4.456938369e-02 4.199766118e-02
1.496877358e-02 2.740124843e-02 3.685572066e-02 -4.286271953e-02 -4.454369679e-02 4.170593391e-02
1.510707203e-02 2.762708163e-02 3.709015483e-02 -4.301149196e-02 -4.450689775e-02 4.139928865e-02
1.524514272e-02 2.785173315e-02 3.732117374e-02 -4.315334350e-02 -4.445899803e-02 4.107783721e-02
1.538298436e-02 2.807519484e-02 3.754875802e-02 -4.328825356e-02 -4.440001188e-02 4.074169667e-02
1.552059566e-02 2.829745858e-02 3.777288867e-02 -4.341620268e-02 -4.432995629e-02 4.039098932e-02
1.565797537e-02 2.851851635e-02 3.799354703e-02 -4.353717252e-02 -4.424885102e-02 4.002584265e-02
1.579512225e-02 2.873836022e-02 3.821071478e-02 -4.365114588e-02 -4.415671856e-02 3.964638927e-02
1.593203508e-02 2.895698231e-02 3.842437394e-02 -4.375810670e-02 -4.405358417e-02 3.925276685e-02
1.606871264e-02 2.917437482e-02 3.863450687e-02 -4.385804007e-02 -4.393947582e-02 3.884511810e-02
1.620515376e-02 2.939053002e-02 3.884109630e-02 -4.395093220e-02 -4.381442419e-02 3.842359069e-02
1.634135725e-02 2.960544026e-02 3.904412526e-02 -4.403677044e-02 -4.367846270e-02 3.798833720e-02
1.647732197e-02 2.981909796e-02 3.924357716e-02 -4.411554326e-02 -4.353162743e-02 3.753951506e-02
1.661304676e-02 3.003149560e-02 3.943943573e-02 -4.418724030e-02 -4.337395717e-02 3.707728652e-02
1.674853050e-02 3.024262575e-02 3.963168504e-02 -4.425185230e-02 -4.320549338e-02 3.660181852e-02
1.688377206e-02 3.045248101e-02 3.982030951e-02 -4.430937115e-02 -4.302628017e-02 3.611328272e-02
1.701877036e-02 3.066105409e-02 4.000529391e-02 -4.435978987e-02 -4.283636429e-02 3.561185535e-02
1.715352429e-02 3.086833773e-02 4.018662331e-02 -4.440310259e-02 -4.263579513e-02 3.509771718e-02
1.728803277e-02 3.107432476e-02 4.036428317e-02 -4.443930459e-02 -4.242462470e-02 3.457105349e-02
1.742229473e-02 3.127900806e-02 4.053825923e-02 -4.446839226e-02 -4.220290760e-02 3.403205392e-02
1.755630911e-02 3.148238057e-02 4.070853762e-02 -4.449036313e-02 -4.197070101e-02 3.348091248e-02
1.769007486e-02 3.168443528e-02 4.087510477e-02 -4.450521583e-02 -4.172806467e-02 3.291782741e-02
1.782359093e-02 3.188516527e-02 4.103794745e-02 -4.451295011e-02 -4.147506089e-02 3.234300116e-02
1.795685627e-02 3.208456365e-02 4.119705278e-02 -4.451356686e-02 -4.121175448e-02 3.175664031e-02
1.808986986e-02 3.228262360e-02 4.135240818e-02 -4.450706806e-02 -4.093821279e-02 3.115895545e-02
1.822263067e-02 3.247933835e-02 4.150400144e-02 -4.449345679e-02 -4.065450564e-02 3.055016114e-02
1.835513766e-02 3.267470117e-02 4.165182065e-02 -4.447273728e-02 -4.036070533e-02 2.993047584e-02
1.848738983e-02 3.286870540e-02 4.179585423e-02 -4.444491481e-02 -4.005688662e-02 2.930012181e-02
1.861938615e-02 3.306134444e-02 4.193609095e-02 -4.440999580e-02 -3.974312669e-02 2.865932503e-02
1.875112560e-02 3.325261170e-02 4.207251988e-02 -4.436798775e-02 -3.941950513e-02 2.800831514e-02
1.888260716e-02 3.344250068e-02 4.220513043e-02 -4.431889926e-02 -3.908610392e-02 2.734732531e-02
1.901382982e-02 3.363100491e-02 4.233391234e-02 -4.426274002e-02 -3.874300742e-02 2.667659222e-02
1.914479255e-02 3.381811795e-02 4.245885565e-02 -4.419952079e-02 -3.839030231e-02 2.599635593e-02
1.927549434e-02 3.400383342e-02 4.257995074e-02 -4.412925345e-02 -3.802807762e-02 2.530685981e-02
1.940593416e-02 3.418814499e-02 4.269718830e-02 -4.405195093e-02 -3.765642465e-02 2.460835045e-02
1.953611097e-02 3.437104636e-02 4.281055936e-02 -4.396762723e-02 -3.727543700e-02 2.390107757e-02
1.966602376e-02 3.455253126e-02 4.292005525e-02 -4.387629746e-02 -3.688521050e-02 2.318529395e-02
1.979567148e-02 3.473259348e-02 4.302566762e-02 -4.377797774e-02 -3.648584322e-02 2.246125529e-02
1.992505307e-02 3.491122684e-02 4.312738844e-02 -4.367268532e-02 -3.607743541e-02 2.172922020e-02
2.005416750e-02 3.508842518e-02 4.322520999e-02 -4.356043845e-02 -3.566008953e-02 2.098945003e-02
2.018301370e-02 3.526418241e-02 4.331912489e-02 -4.344125647e-02 -3.523391015e-02 2.024220883e-02
2.031159061e-02 3.543849245e-02 4.340912605e-02 -4.331515977e-02 -3.479900400e-02 1.948776323e-02
2.043989714e-02 3.561134925e-02 4.349520669e-02 -4.318216978e-02 -3.435547988e-02 1.872638235e-02
2.056793220e-02 3.578274681e-02 4.357736037e-02 -4.304230896e-02 -3.390344867e-02 1.795833771e-02
2.069569470e-02 3.595267915e-02 4.365558094e-02 -4.289560085e-02 -3.344302331e-02 1.718390317e-02
2.082318353e-02 3.612114033e-02 4.372986257e-02 -4.274206997e-02 -3.297431872e-02 1.640335475e-02
2.095039757e-02 3.628812444e-02 4.380019975e-02 -4.258174192e-02 -3.249745183e-02 1.561697061e-02
2.107733569e-02 3.645362558e-02 4.386658728e-02 -4.241464330e-02 -3.201254154e-02 1.482503093e-02
2.120399673e-02 3.661763791e-02 4.392902026e-02 -4.224080173e-02 -3.151970867e-02 1.402781780e-02
2.133037954e-02 3.678015560e-02 4.398749410e-02 -4.206024586e-02 -3.101907592e-02 1.322561513e-02
2.145648295e-02 3.694117286e-02 4.404200456e-02 -4.187300535e-02 -3.051076790e-02 1.241870856e-02
2.158230577e-02 3.710068392e-02 4.409254766e-02 -4.167911087e-02 -2.999491104e-02 1.160738535e-02
2.170784681e-02 3.725868305e-02 4.413911977e-02 -4.147859408e-02 -2.947163360e-02 1.079193428e-02
2.183310484e-02 3.741516452e-02 4.418171755e-02 -4.127148766e-02 -2.894106560e-02 9.972645554e-03
2.195807863e-02 3.757012266e-02 4.422033798e-02 -4.105782527e-02 -2.840333882e-02 9.149810699e-03
2.208276695e-02 3.772355182e-02 4.425497837e-02 -4.083764158e-02 -2.785858679e-02 8.323722463e-03
2.220716854e-02 3.787544638e-02 4.428563632e-02 -4.061097222e-02 -2.730694469e-02 7.494674714e-03
2.233128212e-02 3.802580073e-02 4.431230976e-02 -4.037785382e-02 -2.674854937e-02 6.662962336e-03
2.245510641e-02 3.817460931e-02 4.433499692e-02 -4.013832398e-02 -2.618353932e-02 5.828881130e-03
2.257864009e-02 3.832186659e-02 4.435369636e-02 -3.989242127e-02 -2.561205462e-02 4.992727708e-03
2.270188187e-02 3.846756706e-02 4.436840695e-02 -3.964018524e-02 -2.503423690e-02 4.154799392e-03
2.282483040e-02 3.861170525e-02 4.437912788e-02 -3.938165640e-02 -2.445022932e-02 3.315394110e-03
2.294748435e-02 3.875427571e-02 4.438585867e-02 -3.911687619e-02 -2.386017655e-02 2.474810292e-03
2.306984234e-02 3.889527304e-02 4.438859914e-02 -3.884588703e-02 -2.326422470e-02 1.633346769e-03
2.319190302e-02 3.903469186e-02 4.438734943e-02 -3.856873230e-02 -2.266252133e-02 7.913026653e-04
2.331366499e-02 3.917252682e-02 4.438211004e-02 -3.828545627e-02 -2.205521537e-02 -5.102270473e-05
2.343512687e-02 3.930877263e-02 4.437288174e-02 -3.799610421e-02 -2.144245712e-02 -8.933299393e-04
2.355628723e-02 3.944342402e-02 4.435966566e-02 -3.770072227e-02 -2.082439821e-02 -1.735319655e-03
2.367714466e-02 3.957647574e-02 4.434246325e-02 -3.739935757e-02 -2.020119155e-02 -2.576692591e-03
2.379769773e-02 3.970792263e-02 4.432127629e-02 -3.709205810e-02 -1.957299129e-02 -3.417149715e-03
2.391794500e-02 3.983775951e-02 4.429610688e-02 -3.677887281e-02 -1.893995281e-02 -4.256392324e-03
2.403788501e-02 3.996598130e-02 4.426695746e-02 -3.645985155e-02 -1.830223267e-02 -5.094122155e-03
2.415751631e-02 4.009258292e-02 4.423383080e-02 -3.613504505e-02 -1.765998856e-02 -5.930041485e-03
2.427683743e-02 4.021755935e-02 4.419672999e-02 -3.580450495e-02 -1.701337928e-02 -6.763853236e-03
2.439584689e-02 4.034090564e-02 4.415565849e-02 -3.546828380e-02 -1.636256470e-02 -7.595261082e-03
2.451454322e-02 4.046261685e-02 4.411062007e-02 -3.512643500e-02 -1.570770573e-02 -8.423969552e-03
2.463292493e-02 4.058268812e-02 4.406161883e-02 -3.477901285e-02 -1.504896424e-02 -9.249684133e-03
2.475099054e-02 4.070111463e-02 4.400865925e-02 -3.442607253e-02 -1.438650308e-02 -1.007211138e-02
2.486873854e-02 4.081789162e-02 4.395174611e-02 -3.406767005e-02 -1.372048601e-02 -1.089095900e-02
2.498616745e-02 4.093301438e-02 4.389088456e-02 -3.370386231e-02 -1.305107765e-02 -1.170593600e-02
2.510327577e-02 4.104647827e-02 4.382608008e-02 -3.333470705e-02 -1.237844347e-02 -1.251675274e-02
2.522006200e-02 4.115827870e-02 4.375733851e-02 -3.296026284e-02 -1.170274972e-02 -1.332312105e-02
2.533652465e-02 4.126841114e-02 4.368466604e-02 -3.258058911e-02 -1.102416341e-02 -1.412475435e-02
2.545266223e-02 4.137687114e-02 4.360806919e-02 -3.219574608e-02 -1.034285228e-02 -1.492136776e-02
2.556847324e-02 4.148365431e-02 4.352755485e-02 -3.180579484e-02 -9.658984727e-03 -1.571267816e-02
2.568395622e-02 4.158875631e-02 4.344313026e-02 -3.141079724e-02 -8.972729773e-03 -1.649840431e-02
2.579910967e-02 4.169217289e-02 4.335480300e-02 -3.101081596e-02 -8.284257045e-03 -1.727826698e-02
2.591393212e-02 4.179389988e-02 4.326258101e-02 -3.060591448e-02 -7.593736712e-03 -1.805198900e-02
2.602842212e-02 4.189393317e-02 4.316647261e-02 -3.019615704e-02 -6.901339452e-03 -1.881929542e-02
2.614257821e-02 4.199226872e-02 4.306648645e-02 -2.978160868e-02 -6.207236408e-03 -1.957991353e-02
2.625639894e-02 4.208890258e-02 4.296263154e-02 -2.936233518e-02 -5.511599143e-03 -2.033357304e-02
2.636988288e-02 4.218383089e-02 4.285491725e-02 -2.893840311e-02 -4.814599602e-03 -2.108000612e-02
2.648302861e-02 4.227704985e-02 4.274335333e-02 -2.850987976e-02 -4.116410066e-03 -2.181894751e-02
2.659583473e-02 4.236855575e-02 4.262794987e-02 -2.807683317e-02 -3.417203108e-03 -2.255013465e-02
2.670829984e-02 4.245834499e-02 4.250871732e-02 -2.763933211e-02 -2.717151554e-03 -2.327330772e-02
2.682042257e-02 4.254641402e-02 4.238566650e-02 -2.719744604e-02 -2.016428435e-03 -2.398820978e-02
2.693220156e-02 4.263275940e-02 4.225880859e-02 -2.675124517e-02 -1.315206946e-03 -2.469458682e-02
2.704363547e-02 4.271737779e-02 4.212815512e-02 -2.630080036e-02 -6.136604016e-04 -2.539218790e-02
2.715472299e-02 4.280026591e-02 4.199371800e-02 -2.584618319e-02 8.803780708e-05 -2.608076520e-02
2.726546280e-02 4.288142062e-02 4.185550949e-02 -2.538746589e-02 7.897142579e-04 -2.676007414e-02
2.737585363e-02 4.296083883e-02 4.171354221e-02 -2.492472135e-02 1.491195540e-03 -2.742987344e-02
2.748589421e-02 4.303851757e-02 4.156782915e-02 -2.445802313e-02 2.192308300e-03 -2.808992524e-02
2.759558333e-02 4.311445397e-02 4.141838366e-02 -2.398744540e-02 2.892879284e-03 -2.873999515e-02
2.770491975e-02 4.318864525e-02 4.126521942e-02 -2.351306298e-02 3.592735382e-03 -2.937985237e-02
2.781390229e-02 4.326108873e-02 4.110835052e-02 -2.303495128e-02 4.291703674e-03 -3.000926975e-02
2.792252980e-02 4.333178184e-02 4.094779137e-02 -2.255318632e-02 4.989611472e-03 -3.062802387e-02
2.803080112e-02 4.340072210e-02 4.078355675e-02 -2.206784472e-02 5.686286365e-03 -3.123589514e-02
2.813871516e-02 4.346790714e-02 4.061566179e-02 -2.157900365e-02 6.381556263e-03 -3.183266789e-02
2.824627082e-02 4.353333469e-02 4.044412199e-02 -2.108674085e-02 7.075249442e-03 -3.241813038e-02
2.835346705e-02 4.359700259e-02 4.026895317e-02 -2.059113461e-02 7.767194585e-03 -3.299207497e-02
2.846030281e-02 4.365890877e-02 4.009017153e-02 -2.009226376e-02 8.457220830e-03 -3.355429812e-02
2.856677711e-02 4.371905129e-02 3.990779362e-02 -1.959020765e-02 9.145157811e-03 -3.410460051e-02
2.867288896e-02 4.377742828e-02 3.972183632e-02 -1.908504611e-02 9.830835701e-03 -3.464278708e-02
2.877863743e-02 4.383403802e-02 3.953231687e-02 -1.857685951e-02 1.051408526e-02 -3.516866713e-02
2.888402160e-02 4.388887884e-02 3.933925284e-02 -1.806572866e-02 1.119473786e-02 -3.568205435e-02
2.898904058e-02 4.394194922e-02 3.914266215e-02 -1.755173484e-02 1.187262557e-02 -3.618276693e-02
2.909369351e-02 4.399324773e-02 3.894256305e-02 -1.703495980e-02 1.254758115e-02 -3.667062760e-02
2.919797955e-02 4.404277305e-02 3.873897415e-02 -1.651548572e-02 1.321943812e-02 -3.714546369e-02
2.930189792e-02 4.409052394e-02 3.853191437e-02 -1.599339518e-02 1.388803080e-02 -3.760710720e-02
2.940544783e-02 4.413649930e-02 3.832140296e-02 -1.546877120e-02 1.455319435e-02 -3.805539487e-02
2.950862855e-02 4.418069812e-02 3.810745951e-02 -1.494169718e-02 1.521476481e-02 -3.849016821e-02
2.961143935e-02 4.422311947e-02 3.789010392e-02 -1.441225687e-02 1.587257913e-02 -3.891127358e-02
2.971387955e-02 4.426376255e-02 3.766935644e-02 -1.388053444e-02 1.652647524e-02 -3.931856223e-02
2.981594849e-02 4.430262667e-02 3.744523761e-02 -1.334661436e-02 1.717629208e-02 -3.971189037e-02
2.991764555e-02 4.433971120e-02 3.721776829e-02 -1.281058145e-02 1.782186961e-02 -4.009111920e-02
3.001897010e-02 4.437501564e-02 3.698696968e-02 -1.227252085e-02 1.846304890e-02 -4.045611497e-02
3.011992158e-02 4.440853960e-02 3.675286324e-02 -1.173251802e-02 1.909967213e-02 -4.080674902e-02
3.022049944e-02 4.444028275e-02 3.651547079e-02 -1.119065868e-02 1.973158265e-02 -4.114289782e-02
3.032070315e-02 4.447024489e-02 3.627481441e-02 -1.064702884e-02 2.035862501e-02 -4.146444304e-02
3.042053220e-02 4.449842589e-02 3.603091650e-02 -1.010171477e-02 2.098064500e-02 -4.177127155e-02
3.051998611e-02 4.452482574e-02 3.578379975e-02 -9.554802989e-03 2.159748970e-02 -4.206327549e-02
3.061906445e-02 4.454944451e-02 3.553348714e-02 -9.006380232e-03 2.220900749e-02 -4.234035230e-02
3.071776677e-02 4.457228236e-02 3.528000194e-02 -8.456533460e-03 2.281504812e-02 -4.260240474e-02
3.081609266e-02 4.459333953e-02 3.502336771e-02 -7.905349832e-03 2.341546273e-02 -4.284934093e-02
3.091404174e-02 4.461261639e-02 3.476360829e-02 -7.352916691e-03 2.401010388e-02 -4.308107439e-02
3.101161364e-02 4.463011334e-02 3.450074779e-02 -6.799321552e-03 2.459882559e-02 -4.329752407e-02
3.110880802e-02 4.464583092e-02 3.423481059e-02 -6.244652087e-03 2.518148339e-02 -4.349861434e-02
3.120562455e-02 4.465976971e-02 3.396582135e-02 -5.688996107e-03 2.575793435e-02 -4.368427508e-02
3.130206291e-02 4.467193042e-02 3.369380499e-02 -5.132441551e-03 2.632803709e-02 -4.385444164e-02
3.139812282e-02 4.468231379e-02 3.341878671e-02 -4.575076472e-03 2.689165184e-02 -4.400905489e-02
3.149380400e-02 4.469092069e-02 3.314079195e-02 -4.016989017e-03 2.744864047e-02 -4.414806125e-02
3.158910619e-02 4.469775203e-02 3.285984640e-02 -3.458267420e-03 2.799886653e-02 -4.427141265e-02
3.168402915e-02 4.470280883e-02 3.257597603e-02 -2.898999982e-03 2.854219523e-02 -4.437906664e-02
3.177857264e-02 4.470609216e-02 3.228920703e-02 -2.339275059e-03 2.907849357e-02 -4.447098631e-02
3.187273645e-02 4.470760318e-02 3.199956584e-02 -1.779181047e-03 2.960763028e-02 -4.454714036e-02
3.196652037e-02 4.470734312e-02 3.170707917e-02 -1.218806368e-03 3.012947589e-02 -4.460750306e-02
3.205992420e-02 4.470531328e-02 3.141177392e-02 -6.582394582e-04 3.064390277e-02 -4.465205431e-02
3.215294777e-02 4.470151503e-02 3.111367726e-02 -9.756874862e-05 3.115078513e-02 -4.468077961e-02
3.224559090e-02 4.469594982e-02 3.081281658e-02 4.631173439e-04 3.164999908e-02 -4.469367008e-02
3.233785343e-02 4.468861916e-02 3.050921950e-02 1.023730433e-03 3.214142265e-02 -4.469072242e-02
3.242973519e-02 4.467952463e-02 3.020291386e-02 1.584182177e-03 3.262493579e-02 -4.467193899e-02
3.252123604e-02 4.466866786e-02 2.989392772e-02 2.144384289e-03 3.310042046e-02 -4.463732771e-02
3.261235585e-02 4.465605058e-02 2.958228936e-02 2.704248557e-03 3.356776059e-02 -4.458690214e-02
3.270309446e-02 4.464167455e-02 2.926802728e-02 3.263686853e-03 3.402684215e-02 -4.452068140e-02
3.279345176e-02 4.462554161e-02 2.895117018e-02 3.822611146e-03 3.447755317e-02 -4.443869024e-02
3.288342761e-02 4.460765367e-02 2.863174697e-02 4.380933520e-03 3.491978373e-02 -4.434095894e-02
3.297302190e-02 4.458801266e-02 2.830978677e-02 4.938566182e-03 3.535342606e-02 -4.422752337e-02
3.306223451e-02 4.456662063e-02 2.798531891e-02 5.495421479e-03 3.577837448e-02 -4.409842495e-02
3.315106533e-02 4.454347964e-02 2.765837290e-02 6.051411912e-03 3.619452549e-02 -4.395371063e-02
3.323951424e-02 4.451859184e-02 2.732897845e-02 6.606450146e-03 3.660177778e-02 -4.379343285e-02
3.332758113e-02 4.449195941e-02 2.699716548e-02 7.160449026e-03 3.700003220e-02 -4.361764957e-02
3.341526591e-02 4.446358462e-02 2.666296408e-02 7.713321589e-03 3.738919186e-02 -4.342642422e-02
3.350256846e-02 4.443346976e-02 2.632640453e-02 8.264981078e-03 3.776916212e-02 -4.321982565e-02
3.358948867e-02 4.440161721e-02 2.598751732e-02 8.815340953e-03 3.813985059e-02 -4.299792818e-02
3.367602646e-02 4.436802939e-02 2.564633308e-02 9.364314909e-03 3.850116719e-02 -4.276081147e-02
3.376218171e-02 4.433270876e-02 2.530288264e-02 9.911816882e-03 3.885302414e-02 -4.250856058e-02
3.384795431e-02 4.429565787e-02 2.495719702e-02 1.045776107e-02 3.919533599e-02 -4.224126589e-02
3.393334418e-02 4.425687929e-02 2.460930739e-02 1.100206193e-02 3.952801967e-02 -4.195902308e-02
3.401835121e-02 4.421637567e-02 2.425924509e-02 1.154463422e-02 3.985099445e-02 -4.166193310e-02
3.410297530e-02 4.417414970e-02 2.390704165e-02 1.208539298e-02 4.016418202e-02 -4.135010213e-02
3.418721634e-02 4.413020412e-02 2.355272875e-02 1.262425358e-02 4.046750644e-02 -4.102364153e-02
3.427107423e-02 4.408454175e-02 2.319633824e-02 1.316113167e-02 4.076089425e-02 -4.068266780e-02
3.435454888e-02 4.403716542e-02 2.283790211e-02 1.369594328e-02 4.104427438e-02 -4.032730259e-02
3.443764017e-02 4.398807805e-02 2.247745254e-02 1.422860477e-02 4.131757827e-02 -3.995767257e-02
3.452034802e-02 4.393728260e-02 2.211502183e-02 1.475903284e-02 4.158073980e-02 -3.957390944e-02
3.460267230e-02 4.388478208e-02 2.175064245e-02 1.528714460e-02 4.183369537e-02 -3.917614989e-02
3.468461293e-02 4.383057957e-02 2.138434703e-02 1.581285752e-02 4.207638386e-02 -3.876453552e-02
3.476616981e-02 4.377467818e-02 2.101616833e-02 1.633608947e-02 4.230874670e-02 -3.833921278e-02
3.484734282e-02 4.371708109e-02 2.064613926e-02 1.685675874e-02 4.253072783e-02 -3.790033299e-02
3.492813188e-02 4.365779154e-02 2.027429287e-02 1.737478403e-02 4.274227376e-02 -3.744805219e-02
3.500853687e-02 4.359681279e-02 1.990066235e-02 1.789008449e-02 4.294333356e-02 -3.698253114e-02
3.508855771e-02 4.353414820e-02 1.952528102e-02 1.840257970e-02 4.313385885e-02 -3.650393528e-02
3.516819430e-02 4.346980115e-02 1.914818234e-02 1.891218971e-02 4.331380387e-02 -3.601243462e-02
3.524744653e-02 4.340377509e-02 1.876939992e-02 1.941883503e-02 4.348312542e-02 -3.550820370e-02
3.532631432e-02 4.333607353e-02 1.838896745e-02 1.992243669e-02 4.364178294e-02 -3.499142155e-02
3.540479757e-02 4.326670001e-02 1.800691879e-02 2.042291616e-02 4.378973846e-02 -3.446227160e-02
3.548289620e-02 4.319565814e-02 1.762328791e-02 2.092019547e-02 4.392695664e-02 -3.392094163e-02
3.556061012e-02 4.312295161e-02 1.723810889e-02 2.141419714e-02 4.405340479e-02 -3.336762367e-02
3.563793924e-02 4.304858412e-02 1.685141594e-02 2.190484422e-02 4.416905283e-02 -3.280251400e-02
3.571488349e-02 4.297255946e-02 1.646324337e-02 2.239206033e-02 4.427387336e-02 -3.222581301e-02
3.579144278e-02 4.289488146e-02 1.607362561e-02 2.287576962e-02 4.436784162e-02 -3.163772517e-02
3.586761705e-02 4.281555401e-02 1.568259722e-02 2.335589683e-02 4.445093550e-02 -3.103845894e-02
3.594340623e-02 4.273458106e-02 1.529019282e-02 2.383236724e-02 4.452313557e-02 -3.042822672e-02
3.601881024e-02 4.265196660e-02 1.489644717e-02 2.430510678e-02 4.458442507e-02 -2.980724472e-02
3.609382904e-02 4.256771471e-02 1.450139512e-02 2.477404192e-02 4.463478989e-02 -2.917573295e-02
3.616846257e-02 4.248182949e-02 1.410507162e-02 2.523909979e-02 4.467421862e-02 -2.853391511e-02
3.624271077e-02 4.239431512e-02 1.370751170e-02 2.570020812e-02 4.470270254e-02 -2.788201850e-02
3.631657361e-02 4.230517583e-02 1.330875050e-02 2.615729529e-02 4.472023557e-02 -2.722027396e-02
3.639005105e-02 4.221441591e-02 1.290882323e-02 2.661029032e-02 4.472681435e-02 -2.654891578e-02
3.646314305e-02 4.212203970e-02 1.250776521e-02 2.705912288e-02 4.472243818e-02 -2.586818161e-02
3.653584959e-02 4.202805160e-02 1.210561181e-02 2.750372333e-02 4.470710905e-02 -2.517831240e-02
3.660817066e-02 4.193245608e-02 1.170239851e-02 2.794402268e-02 4.468083164e-02 -2.447955227e-02
3.668010623e-02 4.183525764e-02 1.129816085e-02 2.837995267e-02 4.464361329e-02 -2.377214848e-02
3.675165630e-02 4.173646087e-02 1.089293445e-02 2.881144570e-02 4.459546404e-02 -2.305635130e-02
3.682282088e-02 4.163607039e-02 1.048675500e-02 2.923843492e-02 4.453639659e-02 -2.233241392e-02
3.689359998e-02 4.153409089e-02 1.007965823e-02 2.966085416e-02 4.446642632e-02 -2.160059240e-02
3.696399360e-02 4.143052711e-02 9.671679982e-03 3.007863802e-02 4.438557126e-02 -2.086114554e-02
3.703400178e-02 4.132538386e-02 9.262856121e-03 3.049172183e-02 4.429385211e-02 -2.011433481e-02
3.710362454e-02 4.121866599e-02 8.853222585e-03 3.090004166e-02 4.419129225e-02 -1.936042424e-02
3.717286193e-02 4.111037842e-02 8.442815361e-03 3.130353435e-02 4.407791768e-02 -1.859968033e-02
3.724171399e-02 4.100052612e-02 8.031670490e-03 3.170213751e-02 4.395375705e-02 -1.783237198e-02
3.731018077e-02 4.088911411e-02 7.619824058e-03 3.209578954e-02 4.381884166e-02 -1.705877037e-02
3.737826233e-02 4.077614749e-02 7.207312198e-03 3.248442962e-02 4.367320541e-02 -1.627914886e-02
3.744595876e-02 4.066163137e-02 6.794171082e-03 3.286799774e-02 4.351688485e-02 -1.549378290e-02
3.751327012e-02 4.054557097e-02 6.380436922e-03 3.324643468e-02 4.334991911e-02 -1.470294996e-02
3.758019649e-02 4.042797152e-02 5.966145963e-03 3.361968206e-02 4.317234995e-02 -1.390692939e-02
3.764673799e-02 4.030883833e-02 5.551334484e-03 3.398768231e-02 4.298422168e-02 -1.310600232e-02
3.771289469e-02 4.018817676e-02 5.136038790e-03 3.435037870e-02 4.278558122e-02 -1.230045161e-02
3.777866671e-02 4.006599222e-02 4.720295212e-03 3.470771535e-02 4.257647802e-02 -1.149056171e-02
3.784405418e-02 3.994229017e-02 4.304140103e-03 3.505963722e-02 4.235696413e-02 -1.067661855e-02
3.790905720e-02 3.981707614e-02 3.887609834e-03 3.540609015e-02 4.212709408e-02 -9.858909469e-03
3.797367591e-02 3.969035568e-02 3.470740792e-03 3.574702082e-02 4.188692497e-02 -9.037723106e-03
3.803791046e-02 3.956213443e-02 3.053569377e-03 3.608237682e-02 4.163651639e-02 -8.213349284e-03
3.810176098e-02 3.943241806e-02 2.636131997e-03 3.641210658e-02 4.137593041e-02 -7.386078918e-03
3.816522762e-02 3.930121229e-02 2.218465065e-03 3.673615948e-02 4.110523160e-02 -6.556203909e-03
3.822831055e-02 3.916852291e-02 1.800604998e-03 3.705448574e-02 4.082448698e-02 -5.724017044e-03
3.829100993e-02 3.903435575e-02 1.382588212e-03 3.736703652e-02 4.053376602e-02 -4.889811889e-03
3.835332594e-02 3.889871667e-02 9.644511177e-04 3.767376389e-02 4.023314061e-02 -4.053882687e-03
3.841525874e-02 3.876161161e-02 5.462301210e-04 3.797462084e-02 3.992268505e-02 -3.216524255e-03
3.847680853e-02 3.862304655e-02 1.279616164e-04 3.826956128e-02 3.960247602e-02 -2.378031877e-03
3.853797550e-02 3.848302752e-02 -2.903180150e-04 3.855854005e-02 3.927259259e-02 -1.538701204e-03
3.859875984e-02 3.834156058e-02 -7.085724084e-04 3.884151295e-02 3.893311616e-02 -6.988281449e-04
3.865916175e-02 3.819865187e-02 -1.126765218e-03 3.911843670e-02 3.858413046e-02 1.412912334e-04
3.871918145e-02 3.805430754e-02 -1.544860123e-03 3.938926900e-02 3.822572155e-02 9.813608131e-04
3.877881914e-02 3.790853383e-02 -1.962820825e-03 3.965396850e-02 3.785797774e-02 1.821084529e-03
3.883807504e-02 3.776133699e-02 -2.380611058e-03 3.991249480e-02 3.748098963e-02 2.660166471e-03
3.889694938e-02 3.761272333e-02 -2.798194587e-03 4.016480849e-02 3.709485006e-02 3.498310994e-03
3.895544238e-02 3.746269920e-02 -3.215535210e-03 4.041087112e-02 3.669965407e-02 4.335222813e-03
3.901355428e-02 3.731127102e-02 -3.632596766e-03 4.065064524e-02 3.629549890e-02 5.170607115e-03
3.907128531e-02 3.715844522e-02 -4.049343135e-03 4.088409436e-02 3.588248396e-02 6.004169660e-03
3.912863570e-02 3.700422829e-02 -4.465738239e-03 4.111118302e-02 3.546071082e-02 6.835616881e-03
3.918560572e-02 3.684862676e-02 -4.881746052e-03 4.133187672e-02 3.503028315e-02 7.664655993e-03
3.924219560e-02 3.669164722e-02 -5.297330593e-03 4.154614198e-02 3.459130671e-02 8.490995092e-03
3.929840560e-02 3.653329628e-02 -5.712455938e-03 4.175394632e-02 3.414388934e-02 9.314343258e-03
3.935423597e-02 3.637358061e-02 -6.127086218e-03 4.195525828e-02 3.368814090e-02 1.013441066e-02
3.940968697e-02 3.621250690e-02 -6.541185623e-03 4.215004741e-02 3.322417330e-02 1.095090865e-02
3.946475886e-02 3.605008190e-02 -6.954718408e-03 4.233828427e-02 3.275210038e-02 1.176354987e-02
3.951945191e-02 3.588631241e-02 -7.367648890e-03 4.251994046e-02 3.227203799e-02 1.257204837e-02
3.957376639e-02 3.572120524e-02 -7.779941456e-03 4.269498858e-02 3.178410388e-02 1.337611966e-02
3.962770257e-02 3.555476728e-02 -8.191560564e-03 4.286340231e-02 3.128841769e-02 1.417548086e-02
3.968126072e-02 3.538700542e-02 -8.602470745e-03 4.302515630e-02 3.078510094e-02 1.496985079e-02
3.973444111e-02 3.521792661e-02 -9.012636610e-03 4.318022630e-02 3.027427700e-02 1.575895002e-02
3.978724403e-02 3.504753784e-02 -9.422022846e-03 4.332858906e-02 2.975607103e-02 1.654250105e-02
3.983966976e-02 3.487584615e-02 -9.830594225e-03 4.347022238e-02 2.923060997e-02 1.732022834e-02
3.989171857e-02 3.470285859e-02 -1.023831561e-02 4.360510512e-02 2.869802251e-02 1.809185842e-02
3.994339076e-02 3.452858226e-02 -1.064515193e-02 4.373321718e-02 2.815843906e-02 1.885712001e-02
3.999468661e-02 3.435302432e-02 -1.105106824e-02 4.385453953e-02 2.761199171e-02 1.961574411e-02
4.004560641e-02 3.417619194e-02 -1.145602967e-02 4.396905416e-02 2.705881418e-02 2.036746406e-02
4.009615045e-02 3.399809233e-02 -1.186000144e-02 4.407674416e-02 2.649904182e-02 2.111201568e-02
4.014631902e-02 3.381873275e-02 -1.226294889e-02 4.417759364e-02 2.593281159e-02 2.184913731e-02
4.019611241e-02 3.363812050e-02 -1.266483744e-02 4.427158779e-02 2.536026195e-02 2.257856996e-02
4.024553093e-02 3.345626289e-02 -1.306563263e-02 4.435871287e-02 2.478153291e-02 2.330005736e-02
4.029457486e-02 3.327316729e-02 -1.346530011e-02 4.443895619e-02 2.419676596e-02 2.401334607e-02
4.034324451e-02 3.308884109e-02 -1.386380563e-02 4.451230614e-02 2.360610401e-02 2.471818554e-02
4.039154018e-02 3.290329174e-02 -1.426111507e-02 4.457875217e-02 2.300969142e-02 2.541432823e-02
4.043946216e-02 3.271652670e-02 -1.465719440e-02 4.463828480e-02 2.240767390e-02 2.610152969e-02
4.048701076e-02 3.252855347e-02 -1.505200974e-02 4.469089561e-02 2.180019851e-02 2.677954862e-02
4.053418628e-02 3.233937959e-02 -1.544552732e-02 4.473657728e-02 2.118741360e-02 2.744814699e-02
4.058098903e-02 3.214901264e-02 -1.583771348e-02 4.477532353e-02 2.056946883e-02 2.810709010e-02
4.062741930e-02 3.195746021e-02 -1.622853471e-02 4.480712916e-02 1.994651504e-02 2.875614666e-02
4.067347742e-02 3.176472996e-02 -1.661795762e-02 4.483199006e-02 1.931870430e-02 2.939508890e-02
4.071916367e-02 3.157082954e-02 -1.700594895e-02 4.484990318e-02 1.868618982e-02 3.002369260e-02
4.076447838e-02 3.137576668e-02 -1.739247559e-02 4.486086653e-02 1.804912595e-02 3.064173722e-02
4.080942186e-02 3.117954909e-02 -1.777750454e-02 4.486487922e-02 1.740766810e-02 3.124900593e-02
4.085399440e-02 3.098218457e-02 -1.816100297e-02 4.486194142e-02 1.676197274e-02 3.184528573e-02
4.089819633e-02 3.078368091e-02 -1.854293818e-02 4.485205436e-02 1.611219734e-02 3.243036748e-02
4.094202795e-02 3.058404594e-02 -1.892327761e-02 4.483522035e-02 1.545850036e-02 3.300404603e-02
4.098548957e-02 3.038328753e-02 -1.930198886e-02 4.481144280e-02 1.480104115e-02 3.356612021e-02
4.102858152e-02 3.018141357e-02 -1.967903969e-02 4.478072613e-02 1.413997999e-02 3.411639298e-02
4.107130409e-02 2.997843201e-02 -2.005439798e-02 4.474307589e-02 1.347547800e-02 3.465467146e-02
4.111365762e-02 2.977435079e-02 -2.042803181e-02 4.469849866e-02 1.280769709e-02 3.518076699e-02
4.115564240e-02 2.956917791e-02 -2.079990938e-02 4.464700209e-02 1.213679998e-02 3.569449522e-02
4.119725876e-02 2.936292138e-02 -2.116999907e-02 4.458859491e-02 1.146295010e-02 3.619567615e-02
4.123850701e-02 2.915558925e-02 -2.153826943e-02 4.452328690e-02 1.078631158e-02 3.668413421e-02
4.127938746e-02 2.894718961e-02 -2.190468917e-02 4.445108892e-02 1.010704922e-02 3.715969832e-02
4.131990044e-02 2.873773055e-02 -2.226922716e-02 4.437201286e-02 9.425328418e-03 3.762220194e-02
4.136004626e-02 2.852722023e-02 -2.263185245e-02 4.428607168e-02 8.741315144e-03 3.807148312e-02
4.139982524e-02 2.831566679e-02 -2.299253426e-02 4.419327942e-02 8.055175914e-03 3.850738458e-02
4.143923769e-02 2.810307844e-02 -2.335124199e-02 4.409365113e-02 7.367077731e-03 3.892975377e-02
4.147828393e-02 2.788946340e-02 -2.370794523e-02 4.398720294e-02 6.677188053e-03 3.933844286e-02
4.151696427e-02 2.767482992e-02 -2.406261372e-02 4.387395201e-02 5.985674753e-03 3.973330888e-02
4.155527905e-02 2.745918627e-02 -2.441521742e-02 4.375391655e-02 5.292706072e-03 4.011421371e-02
4.159322856e-02 2.724254075e-02 -2.476572644e-02 4.362711581e-02 4.598450585e-03 4.048102413e-02
4.163081313e-02 2.702490171e-02 -2.511411111e-02 4.349357009e-02 3.903077158e-03 4.083361190e-02
4.166803308e-02 2.680627749e-02 -2.546034193e-02 4.335330071e-02 3.206754905e-03 4.117185378e-02
4.170488872e-02 2.658667647e-02 -2.580438960e-02 4.320633001e-02 2.509653149e-03 4.149563156e-02
4.174138037e-02 2.636610708e-02 -2.614622502e-02 4.305268137e-02 1.811941381e-03 4.180483214e-02
4.177750835e-02 2.614457774e-02 -2.648581927e-02 4.289237921e-02 1.113789219e-03 4.209934753e-02
4.181327296e-02 2.592209691e-02 -2.682314365e-02 4.272544894e-02 4.153663667e-04 4.237907491e-02
4.184867454e-02 2.569867307e-02 -2.715816964e-02 4.255191700e-02 -2.831574287e-04 4.264391665e-02
4.188371338e-02 2.547431475e-02 -2.749086896e-02 4.237181083e-02 -9.816124152e-04 4.289378037e-02
4.191838981e-02 2.524903046e-02 -2.782121349e-02 4.218515888e-02 -1.679828878e-03 4.312857893e-02
4.195270414e-02 2.502282878e-02 -2.814917535e-02 4.199199061e-02 -2.377637182e-03 4.334823050e-02
4.198665668e-02 2.479571828e-02 -2.847472686e-02 4.179233646e-02 -3.074867811e-03 4.355265858e-02
4.202024775e-02 2.456770757e-02 -2.879784056e-02 4.158622788e-02 -3.771351407e-03 4.374179198e-02
4.205347765e-02 2.433880527e-02 -2.911848919e-02 4.137369728e-02 -4.466918816e-03 4.391556492e-02
4.208634670e-02 2.410902004e-02 -2.943664573e-02 4.115477809e-02 -5.161401124e-03 4.407391701e-02
4.211885520e-02 2.387836056e-02 -2.975228334e-02 4.092950467e-02 -5.854629700e-03 4.421679324e-02
4.215100347e-02 2.364683552e-02 -3.006537545e-02 4.069791239e-02 -6.546436239e-03 4.434414407e-02
4.218279180e-02 2.341445364e-02 -3.037589567e-02 4.046003755e-02 -7.236652795e-03 4.445592540e-02
4.221422052e-02 2.318122366e-02 -3.068381786e-02 4.021591743e-02 -7.925111831e-03 4.455209859e-02
4.224528991e-02 2.294715434e-02 -3.098911610e-02 3.996559026e-02 -8.611646252e-03 4.463263047e-02
4.227600029e-02 2.271225447e-02 -3.129176470e-02 3.970909522e-02 -9.296089448e-03 4.469749338e-02
4.230635196e-02 2.247653285e-02 -3.159173820e-02 3.944647241e-02 -9.978275336e-03 4.474666514e-02
4.233634521e-02 2.223999830e-02 -3.188901137e-02 3.917776288e-02 -1.065803840e-02 4.478012907e-02
4.236598035e-02 2.200265968e-02 -3.218355921e-02 3.890300862e-02 -1.133521371e-02 4.479787402e-02
4.239525768e-02 2.176452585e-02 -3.247535698e-02 3.862225250e-02 -1.200963702e-02 4.479989433e-02
4.242417748e-02 2.152560568e-02 -3.276438015e-02 3.833553835e-02 -1.268114473e-02 4.478618988e-02
4.245274006e-02 2.128590810e-02 -3.305060444e-02 3.804291088e-02 -1.334957398e-02 4.475676602e-02
4.248094571e-02 2.104544201e-02 -3.333400583e-02 3.774441570e-02 -1.401476267e-02 4.471163367e-02
4.250879471e-02 2.080421637e-02 -3.361456051e-02 3.744009932e-02 -1.467654951e-02 4.465080921e-02
4.253628735e-02 2.056224014e-02 -3.389224494e-02 3.713000914e-02 -1.533477403e-02 4.457431454e-02
4.256342393e-02 2.031952229e-02 -3.416703582e-02 3.681419343e-02 -1.598927666e-02 4.448217704e-02
4.259020472e-02 2.007607183e-02 -3.443891011e-02 3.649270132e-02 -1.663989873e-02 4.437442958e-02
4.261663001e-02 1.983189777e-02 -3.470784500e-02 3.616558283e-02 -1.728648254e-02 4.425111051e-02
4.264270008e-02 1.958700914e-02 -3.497381795e-02 3.583288881e-02 -1.792887138e-02 4.411226362e-02
4.266841520e-02 1.934141500e-02 -3.523680667e-02 3.549467098e-02 -1.856690956e-02 4.395793814e-02
4.269377566e-02 1.909512442e-02 -3.549678911e-02 3.515098187e-02 -1.920044246e-02 4.378818873e-02
4.271878172e-02 1.884814647e-02 -3.575374351e-02 3.480187486e-02 -1.982931659e-02 4.360307544e-02
4.274343365e-02 1.860049026e-02 -3.600764834e-02 3.444740415e-02 -2.045337956e-02 4.340266372e-02
4.276773173e-02 1.835216491e-02 -3.625848235e-02 3.408762475e-02 -2.107248020e-02 4.318702436e-02
4.279167622e-02 1.810317955e-02 -3.650622453e-02 3.372259248e-02 -2.168646853e-02 4.295623348e-02
4.281526739e-02 1.785354333e-02 -3.675085416e-02 3.335236396e-02 -2.229519582e-02 4.271037253e-02
4.283850548e-02 1.760326542e-02 -3.699235078e-02 3.297699658e-02 -2.289851463e-02 4.244952820e-02
4.286139077e-02 1.735235500e-02 -3.723069417e-02 3.259654853e-02 -2.349627886e-02 4.217379246e-02
4.288392351e-02 1.710082125e-02 -3.746586441e-02 3.221107877e-02 -2.408834374e-02 4.188326247e-02
4.290610395e-02 1.684867340e-02 -3.769784185e-02 3.182064700e-02 -2.467456591e-02 4.157804056e-02
4.292793233e-02 1.659592067e-02 -3.792660708e-02 3.142531369e-02 -2.525480341e-02 4.125823423e-02
4.294940891e-02 1.634257229e-02 -3.815214100e-02 3.102514004e-02 -2.582891578e-02 4.092395607e-02
4.297053394e-02 1.608863752e-02 -3.837442476e-02 3.062018800e-02 -2.639676402e-02 4.057532372e-02
4.299130764e-02 1.583412562e-02 -3.859343980e-02 3.021052024e-02 -2.695821067e-02 4.021245986e-02
4.301173026e-02 1.557904587e-02 -3.880916782e-02 2.979620012e-02 -2.751311983e-02 3.983549215e-02
4.303180204e-02 1.532340758e-02 -3.902159081e-02 2.937729174e-02 -2.806135718e-02 3.944455317e-02
4.305152320e-02 1.506722004e-02 -3.923069104e-02 2.895385986e-02 -2.860279003e-02 3.903978040e-02
4.307089398e-02 1.481049256e-02 -3.943645107e-02 2.852596996e-02 -2.913728737e-02 3.862131614e-02
4.308991459e-02 1.455323450e-02 -3.963885372e-02 2.809368817e-02 -2.966471983e-02 3.818930751e-02
4.310858527e-02 1.429545518e-02 -3.983788211e-02 2.765708128e-02 -3.018495980e-02 3.774390633e-02
4.312690622e-02 1.403716396e-02 -4.003351963e-02 2.721621675e-02 -3.069788140e-02 3.728526913e-02
4.314487767e-02 1.377837021e-02 -4.022574998e-02 2.677116268e-02 -3.120336052e-02 3.681355706e-02
4.316249983e-02 1.351908332e-02 -4.041455713e-02 2.632198780e-02 -3.170127488e-02 3.632893583e-02
4.317977290e-02 1.325931266e-02 -4.059992534e-02 2.586876147e-02 -3.219150403e-02 3.583157570e-02
4.319669710e-02 1.299906765e-02 -4.078183915e-02 2.541155365e-02 -3.267392937e-02 3.532165133e-02
4.321327262e-02 1.273835768e-02 -4.096028342e-02 2.495043491e-02 -3.314843422e-02 3.479934181e-02
4.322949966e-02 1.247719220e-02 -4.113524327e-02 2.448547641e-02 -3.361490380e-02 3.426483056e-02
4.324537841e-02 1.221558062e-02 -4.130670413e-02 2.401674989e-02 -3.407322529e-02 3.371830524e-02
4.326090907e-02 1.195353240e-02 -4.147465173e-02 2.354432766e-02 -3.452328785e-02 3.315995773e-02
4.327609182e-02 1.169105698e-02 -4.163907206e-02 2.306828258e-02 -3.496498265e-02 3.258998404e-02
4.329092685e-02 1.142816383e-02 -4.179995146e-02 2.258868807e-02 -3.539820286e-02 3.200858423e-02
4.330541434e-02 1.116486242e-02 -4.195727652e-02 2.210561808e-02 -3.582284373e-02 3.141596236e-02
4.331955446e-02 1.090116224e-02 -4.211103415e-02 2.161914708e-02 -3.623880258e-02 3.081232641e-02
4.333334739e-02 1.063707277e-02 -4.226121155e-02 2.112935005e-02 -3.664597885e-02 3.019788823e-02
4.334679329e-02 1.037260351e-02 -4.240779623e-02 2.063630250e-02 -3.704427409e-02 2.957286340e-02
4.335989233e-02 1.010776398e-02 -4.255077600e-02 2.014008039e-02 -3.743359200e-02 2.893747125e-02
4.337264467e-02 9.842563675e-03 -4.269013896e-02 1.964076020e-02 -3.781383847e-02 2.829193468e-02
4.338505047e-02 9.577012136e-03 -4.282587352e-02 1.913841883e-02 -3.818492157e-02 2.763648018e-02
4.339710989e-02 9.311118891e-03 -4.295796839e-02 1.863313369e-02 -3.854675161e-02 2.697133768e-02
4.340882306e-02 9.044893478e-03 -4.308641259e-02 1.812498258e-02 -3.889924113e-02 2.629674050e-02
4.342019014e-02 8.778345446e-03 -4.321119545e-02 1.761404378e-02 -3.924230492e-02 2.561292526e-02
4.343121127e-02 8.511484349e-03 -4.333230659e-02 1.710039596e-02 -3.957586007e-02 2.492013180e-02
4.344188658e-02 8.244319748e-03 -4.344973594e-02 1.658411820e-02 -3.989982595e-02 2.421860310e-02
4.345221622e-02 7.976861212e-03 -4.356347375e-02 1.606529000e-02 -4.021412429e-02 2.350858519e-02
4.346220031e-02 7.709118315e-03 -4.367351056e-02 1.554399122e-02 -4.051867911e-02 2.279032706e-02
4.347183898e-02 7.441100638e-03 -4.377983724e-02 1.502030209e-02 -4.081341681e-02 2.206408059e-02
4.348113235e-02 7.172817769e-03 -4.388244495e-02 1.449430323e-02 -4.109826619e-02 2.133010043e-02
4.349008054e-02 6.904279301e-03 -4.398132518e-02 1.396607558e-02 -4.137315840e-02 2.058864395e-02
4.349868367e-02 6.635494832e-03 -4.407646971e-02 1.343570043e-02 -4.163802702e-02 1.983997111e-02
4.350694184e-02 6.366473967e-03 -4.416787063e-02 1.290325939e-02 -4.189280805e-02 1.908434443e-02
4.351485517e-02 6.097226315e-03 -4.425552037e-02 1.236883437e-02 -4.213743994e-02 1.832202880e-02
4.352242376e-02 5.827761490e-03 -4.433941165e-02 1.183250759e-02 -4.237186357e-02 1.755329149e-02
4.352964770e-02 5.558089112e-03 -4.441953751e-02 1.129436157e-02 -4.259602232e-02 1.677840201e-02
4.353652709e-02 5.288218804e-03 -4.449589129e-02 1.075447908e-02 -4.280986202e-02 1.599763199e-02
4.354306202e-02 5.018160195e-03 -4.456846666e-02 1.021294315e-02 -4.301333102e-02 1.521125513e-02
4.354925258e-02 4.747922916e-03 -4.463725760e-02 9.669837090e-03 -4.320638016e-02 1.441954710e-02
4.355509885e-02 4.477516603e-03 -4.470225840e-02 9.125244415e-03 -4.338896280e-02 1.362278540e-02
4.356060090e-02 4.206950896e-03 -4.476346367e-02 8.579248876e-03 -4.356103484e-02 1.282124932e-02
4.356575881e-02 3.936235437e-03 -4.482086832e-02 8.031934435e-03 -4.372255470e-02 1.201521982e-02
4.357057264e-02 3.665379874e-03 -4.487446760e-02 7.483385250e-03 -4.387348338e-02 1.120497939e-02
4.357504245e-02 3.394393853e-03 -4.492425705e-02 6.933685666e-03 -4.401378440e-02 1.039081204e-02
4.357916830e-02 3.123287028e-03 -4.497023254e-02 6.382920202e-03 -4.414342387e-02 9.573003121e-03
4.358295022e-02 2.852069052e-03 -4.501239024e-02 5.831173535e-03 -4.426237047e-02 8.751839253e-03
4.358638827e-02 2.580749583e-03 -4.505072666e-02 5.278530490e-03 -4.437059545e-02 7.927608238e-03
4.358948246e-02 2.309338278e-03 -4.508523858e-02 4.725076029e-03 -4.446807266e-02 7.100598946e-03
4.359223283e-02 2.037844799e-03 -4.511592314e-02 4.170895233e-03 -4.455477854e-02 6.271101213e-03
4.359463940e-02 1.766278807e-03 -4.514277777e-02 3.616073294e-03 -4.463069212e-02 5.439405748e-03
4.359670216e-02 1.494649968e-03 -4.516580022e-02 3.060695501e-03 -4.469579505e-02 4.605804024e-03
4.359842114e-02 1.222967946e-03 -4.518498856e-02 2.504847227e-03 -4.475007158e-02 3.770588184e-03
4.359979631e-02 9.512424103e-04 -4.520034117e-02 1.948613916e-03 -4.479350857e-02 2.934050930e-03
4.360082769e-02 6.794830278e-04 -4.521185675e-02 1.392081070e-03 -4.482609550e-02 2.096485431e-03
4.360151527e-02 4.076994685e-04 -4.521953433e-02 8.353342382e-04 -4.484782450e-02 1.258185214e-03
4.360185905e-02 1.359014030e-04 -4.522337327e-02 2.784590019e-04 -4.485869030e-02 4.194440637e-04
4.360185905e-02 -1.359014979e-04 -4.522337327e-02 -2.784590379e-04 -4.485869030e-02 -4.194440819e-04
4.360151527e-02 -4.076995634e-04 -4.521953433e-02 -8.353342742e-04 -4.484782450e-02 -1.258185233e-03
4.360082769e-02 -6.794831226e-04 -4.521185675e-02 -1.392081106e-03 -4.482609550e-02 -2.096485450e-03
4.359979631e-02 -9.512425051e-04 -4.520034116e-02 -1.948613952e-03 -4.479350856e-02 -2.934050948e-03
4.359842114e-02 -1.222968041e-03 -4.518498856e-02 -2.504847263e-03 -4.475007158e-02 -3.770588202e-03
4.359670216e-02 -1.494650063e-03 -4.516580022e-02 -3.060695537e-03 -4.469579505e-02 -4.605804042e-03
4.359463939e-02 -1.766278902e-03 -4.514277777e-02 -3.616073330e-03 -4.463069212e-02 -5.439405766e-03
4.359223283e-02 -2.037844893e-03 -4.511592314e-02 -4.170895269e-03 -4.455477854e-02 -6.271101231e-03
4.358948246e-02 -2.309338373e-03 -4.508523858e-02 -4.725076065e-03 -4.446807266e-02 -7.100598963e-03
4.358638826e-02 -2.580749678e-03 -4.505072665e-02 -5.278530526e-03 -4.437059545e-02 -7.927608256e-03
4.358295022e-02 -2.852069147e-03 -4.501239024e-02 -5.831173571e-03 -4.426237046e-02 -8.751839271e-03
4.357916829e-02 -3.123287123e-03 -4.497023254e-02 -6.382920238e-03 -4.414342387e-02 -9.573003138e-03
4.357504245e-02 -3.394393948e-03 -4.492425705e-02 -6.933685702e-03 -4.401378440e-02 -1.039081206e-02
4.357057264e-02 -3.665379968e-03 -4.487446760e-02 -7.483385285e-03 -4.387348337e-02 -1.120497941e-02
4.356575881e-02 -3.936235532e-03 -4.482086832e-02 -8.031934470e-03 -4.372255470e-02 -1.201521983e-02
4.356060090e-02 -4.206950990e-03 -4.476346366e-02 -8.579248911e-03 -4.356103483e-02 -1.282124934e-02
4.355509884e-02 -4.477516698e-03 -4.470225839e-02 -9.125244450e-03 -4.338896279e-02 -1.362278542e-02
4.354925258e-02 -4.747923010e-03 -4.463725759e-02 -9.669837125e-03 -4.320638015e-02 -1.441954711e-02
4.354306201e-02 -5.018160289e-03 -4.456846665e-02 -1.021294319e-02 -4.301333101e-02 -1.521125515e-02
4.353652708e-02 -5.288218899e-03 -4.449589128e-02 -1.075447911e-02 -4.280986202e-02 -1.599763200e-02
4.352964769e-02 -5.558089206e-03 -4.441953750e-02 -1.129436160e-02 -4.259602231e-02 -1.677840203e-02
4.352242375e-02 -5.827761584e-03 -4.433941164e-02 -1.183250763e-02 -4.237186357e-02 -1.755329151e-02
4.351485516e-02 -6.097226409e-03 -4.425552036e-02 -1.236883440e-02 -4.213743993e-02 -1.832202882e-02
4.350694183e-02 -6.366474061e-03 -4.416787062e-02 -1.290325942e-02 -4.189280804e-02 -1.908434444e-02
4.349868366e-02 -6.635494926e-03 -4.407646969e-02 -1.343570047e-02 -4.163802701e-02 -1.983997113e-02
4.349008053e-02 -6.904279394e-03 -4.398132517e-02 -1.396607562e-02 -4.137315839e-02 -2.058864396e-02
4.348113234e-02 -7.172817863e-03 -4.388244494e-02 -1.449430327e-02 -4.109826618e-02 -2.133010044e-02
4.347183897e-02 -7.441100732e-03 -4.377983723e-02 -1.502030213e-02 -4.081341680e-02 -2.206408060e-02
4.346220030e-02 -7.709118408e-03 -4.367351055e-02 -1.554399125e-02 -4.051867910e-02 -2.279032708e-02
4.345221621e-02 -7.976861305e-03 -4.356347373e-02 -1.606529003e-02 -4.021412428e-02 -2.350858521e-02
4.344188657e-02 -8.244319841e-03 -4.344973592e-02 -1.658411824e-02 -3.989982594e-02 -2.421860312e-02
4.343121125e-02 -8.511484442e-03 -4.333230657e-02 -1.710039599e-02 -3.957586006e-02 -2.492013182e-02
4.342019012e-02 -8.778345539e-03 -4.321119544e-02 -1.761404381e-02 -3.924230491e-02 -2.561292528e-02
4.340882304e-02 -9.044893571e-03 -4.308641258e-02 -1.812498262e-02 -3.889924112e-02 -2.629674052e-02
4.339710987e-02 -9.311118983e-03 -4.295796838e-02 -1.863313372e-02 -3.854675160e-02 -2.697133770e-02
4.338505046e-02 -9.577012229e-03 -4.282587350e-02 -1.913841887e-02 -3.818492156e-02 -2.763648020e-02
4.337264466e-02 -9.842563768e-03 -4.269013894e-02 -1.964076023e-02 -3.781383845e-02 -2.829193470e-02
4.335989232e-02 -1.010776407e-02 -4.255077598e-02 -2.014008043e-02 -3.743359199e-02 -2.893747126e-02
4.334679328e-02 -1.037260360e-02 -4.240779622e-02 -2.063630253e-02 -3.704427407e-02 -2.957286342e-02
4.333334737e-02 -1.063707286e-02 -4.226121153e-02 -2.112935008e-02 -3.664597884e-02 -3.019788824e-02
4.331955445e-02 -1.090116233e-02 -4.211103413e-02 -2.161914711e-02 -3.623880257e-02 -3.081232643e-02
4.330541432e-02 -1.116486252e-02 -4.195727650e-02 -2.210561811e-02 -3.582284371e-02 -3.141596237e-02
4.329092684e-02 -1.142816392e-02 -4.179995144e-02 -2.258868810e-02 -3.539820284e-02 -3.200858424e-02
4.327609181e-02 -1.169105707e-02 -4.163907204e-02 -2.306828261e-02 -3.496498263e-02 -3.258998405e-02
4.326090905e-02 -1.195353249e-02 -4.147465171e-02 -2.354432769e-02 -3.452328784e-02 -3.315995775e-02
4.324537839e-02 -1.221558071e-02 -4.130670411e-02 -2.401674992e-02 -3.407322528e-02 -3.371830526e-02
4.322949964e-02 -1.247719229e-02 -4.113524325e-02 -2.448547644e-02 -3.361490378e-02 -3.426483057e-02
4.321327260e-02 -1.273835777e-02 -4.096028340e-02 -2.495043494e-02 -3.314843420e-02 -3.479934183e-02
4.319669708e-02 -1.299906774e-02 -4.078183913e-02 -2.541155368e-02 -3.267392936e-02 -3.532165134e-02
4.317977288e-02 -1.325931275e-02 -4.059992531e-02 -2.586876150e-02 -3.219150401e-02 -3.583157571e-02
4.316249981e-02 -1.351908341e-02 -4.041455711e-02 -2.632198783e-02 -3.170127487e-02 -3.632893584e-02
4.314487765e-02 -1.377837030e-02 -4.022574996e-02 -2.677116271e-02 -3.120336050e-02 -3.681355707e-02
4.312690620e-02 -1.403716405e-02 -4.003351961e-02 -2.721621678e-02 -3.069788138e-02 -3.728526914e-02
4.310858525e-02 -1.429545527e-02 -3.983788208e-02 -2.765708131e-02 -3.018495978e-02 -3.774390634e-02
4.308991457e-02 -1.455323459e-02 -3.963885370e-02 -2.809368819e-02 -2.966471981e-02 -3.818930751e-02
4.307089395e-02 -1.481049265e-02 -3.943645105e-02 -2.852596999e-02 -2.913728735e-02 -3.862131615e-02
4.305152318e-02 -1.506722012e-02 -3.923069102e-02 -2.895385989e-02 -2.860279001e-02 -3.903978041e-02
4.303180202e-02 -1.532340767e-02 -3.902159078e-02 -2.937729177e-02 -2.806135716e-02 -3.944455318e-02
4.301173024e-02 -1.557904596e-02 -3.880916779e-02 -2.979620015e-02 -2.751311981e-02 -3.983549216e-02
4.299130762e-02 -1.583412571e-02 -3.859343977e-02 -3.021052026e-02 -2.695821065e-02 -4.021245987e-02
4.297053391e-02 -1.608863761e-02 -3.837442474e-02 -3.062018803e-02 -2.639676400e-02 -4.057532373e-02
4.294940889e-02 -1.634257238e-02 -3.815214098e-02 -3.102514007e-02 -2.582891576e-02 -4.092395608e-02
4.292793231e-02 -1.659592076e-02 -3.792660706e-02 -3.142531371e-02 -2.525480339e-02 -4.125823424e-02
4.290610392e-02 -1.684867349e-02 -3.769784182e-02 -3.182064702e-02 -2.467456589e-02 -4.157804057e-02
4.288392348e-02 -1.710082134e-02 -3.746586439e-02 -3.221107879e-02 -2.408834372e-02 -4.188326247e-02
4.286139075e-02 -1.735235508e-02 -3.723069414e-02 -3.259654856e-02 -2.349627884e-02 -4.217379247e-02
4.283850546e-02 -1.760326551e-02 -3.699235075e-02 -3.297699661e-02 -2.289851461e-02 -4.244952821e-02
4.281526736e-02 -1.785354342e-02 -3.675085413e-02 -3.335236398e-02 -2.229519580e-02 -4.271037254e-02
4.279167619e-02 -1.810317964e-02 -3.650622450e-02 -3.372259250e-02 -2.168646851e-02 -4.295623349e-02
4.276773170e-02 -1.835216500e-02 -3.625848232e-02 -3.408762477e-02 -2.107248018e-02 -4.318702436e-02
4.274343362e-02 -1.860049035e-02 -3.600764831e-02 -3.444740417e-02 -2.045337954e-02 -4.340266373e-02
4.271878169e-02 -1.884814655e-02 -3.575374348e-02 -3.480187488e-02 -1.982931657e-02 -4.360307545e-02
4.269377563e-02 -1.909512450e-02 -3.549678908e-02 -3.515098189e-02 -1.920044244e-02 -4.378818873e-02
4.266841517e-02 -1.934141509e-02 -3.523680664e-02 -3.549467100e-02 -1.856690954e-02 -4.395793815e-02
4.264270005e-02 -1.958700923e-02 -3.497381792e-02 -3.583288884e-02 -1.792887136e-02 -4.411226363e-02
4.261662998e-02 -1.983189786e-02 -3.470784497e-02 -3.616558285e-02 -1.728648252e-02 -4.425111052e-02
4.259020469e-02 -2.007607192e-02 -3.443891008e-02 -3.649270134e-02 -1.663989871e-02 -4.437442959e-02
4.256342390e-02 -2.031952238e-02 -3.416703579e-02 -3.681419345e-02 -1.598927664e-02 -4.448217704e-02
4.253628732e-02 -2.056224023e-02 -3.389224491e-02 -3.713000916e-02 -1.533477401e-02 -4.457431454e-02
4.250879467e-02 -2.080421646e-02 -3.361456048e-02 -3.744009934e-02 -1.467654949e-02 -4.465080921e-02
4.248094567e-02 -2.104544210e-02 -3.333400579e-02 -3.774441572e-02 -1.401476265e-02 -4.471163367e-02
4.245274003e-02 -2.128590818e-02 -3.305060441e-02 -3.804291090e-02 -1.334957396e-02 -4.475676603e-02
4.242417745e-02 -2.152560577e-02 -3.276438012e-02 -3.833553837e-02 -1.268114471e-02 -4.478618988e-02
4.239525765e-02 -2.176452593e-02 -3.247535695e-02 -3.862225252e-02 -1.200963700e-02 -4.479989433e-02
4.236598032e-02 -2.200265976e-02 -3.218355918e-02 -3.890300864e-02 -1.133521369e-02 -4.479787402e-02
4.233634518e-02 -2.223999839e-02 -3.188901133e-02 -3.917776290e-02 -1.065803837e-02 -4.478012907e-02
4.230635193e-02 -2.247653293e-02 -3.159173816e-02 -3.944647243e-02 -9.978275314e-03 -4.474666514e-02
4.227600026e-02 -2.271225455e-02 -3.129176467e-02 -3.970909524e-02 -9.296089426e-03 -4.469749338e-02
4.224528988e-02 -2.294715442e-02 -3.098911607e-02 -3.996559028e-02 -8.611646230e-03 -4.463263047e-02
4.221422048e-02 -2.318122374e-02 -3.068381782e-02 -4.021591745e-02 -7.925111809e-03 -4.455209859e-02
4.218279177e-02 -2.341445372e-02 -3.037589563e-02 -4.046003756e-02 -7.236652774e-03 -4.445592540e-02
4.215100343e-02 -2.364683560e-02 -3.006537541e-02 -4.069791240e-02 -6.546436217e-03 -4.434414407e-02
4.211885517e-02 -2.387836064e-02 -2.975228331e-02 -4.092950469e-02 -5.854629679e-03 -4.421679324e-02
4.208634666e-02 -2.410902013e-02 -2.943664569e-02 -4.115477810e-02 -5.161401102e-03 -4.407391700e-02
4.205347762e-02 -2.433880535e-02 -2.911848916e-02 -4.137369730e-02 -4.466918794e-03 -4.391556492e-02
4.202024771e-02 -2.456770765e-02 -2.879784053e-02 -4.158622789e-02 -3.771351385e-03 -4.374179198e-02
4.198665665e-02 -2.479571836e-02 -2.847472683e-02 -4.179233647e-02 -3.074867789e-03 -4.355265857e-02
4.195270411e-02 -2.502282886e-02 -2.814917531e-02 -4.199199062e-02 -2.377637160e-03 -4.334823050e-02
4.191838978e-02 -2.524903054e-02 -2.782121345e-02 -4.218515889e-02 -1.679828856e-03 -4.312857893e-02
4.188371334e-02 -2.547431483e-02 -2.749086892e-02 -4.237181084e-02 -9.816123933e-04 -4.289378036e-02
4.184867450e-02 -2.569867315e-02 -2.715816960e-02 -4.255191701e-02 -2.831574068e-04 -4.264391665e-02
4.181327293e-02 -2.592209698e-02 -2.682314361e-02 -4.272544895e-02 4.153663886e-04 -4.237907490e-02
4.177750831e-02 -2.614457781e-02 -2.648581923e-02 -4.289237922e-02 1.113789241e-03 -4.209934752e-02
4.174138033e-02 -2.636610716e-02 -2.614622498e-02 -4.305268139e-02 1.811941403e-03 -4.180483213e-02
4.170488868e-02 -2.658667655e-02 -2.580438956e-02 -4.320633002e-02 2.509653171e-03 -4.149563156e-02
4.166803304e-02 -2.680627756e-02 -2.546034189e-02 -4.335330072e-02 3.206754927e-03 -4.117185377e-02
4.163081309e-02 -2.702490179e-02 -2.511411107e-02 -4.349357010e-02 3.903077180e-03 -4.083361190e-02
4.159322852e-02 -2.724254083e-02 -2.476572640e-02 -4.362711582e-02 4.598450607e-03 -4.048102412e-02
4.155527901e-02 -2.745918634e-02 -2.441521738e-02 -4.375391656e-02 5.292706093e-03 -4.011421370e-02
4.151696423e-02 -2.767482999e-02 -2.406261368e-02 -4.387395202e-02 5.985674774e-03 -3.973330888e-02
4.147828389e-02 -2.788946348e-02 -2.370794519e-02 -4.398720295e-02 6.677188075e-03 -3.933844285e-02
4.143923765e-02 -2.810307852e-02 -2.335124195e-02 -4.409365114e-02 7.367077752e-03 -3.892975376e-02
4.139982520e-02 -2.831566687e-02 -2.299253422e-02 -4.419327943e-02 8.055175935e-03 -3.850738458e-02
4.136004622e-02 -2.852722030e-02 -2.263185241e-02 -4.428607169e-02 8.741315166e-03 -3.807148311e-02
4.131990040e-02 -2.873773063e-02 -2.226922712e-02 -4.437201286e-02 9.425328439e-03 -3.762220193e-02
4.127938742e-02 -2.894718968e-02 -2.190468913e-02 -4.445108892e-02 1.010704924e-02 -3.715969831e-02
4.123850696e-02 -2.915558932e-02 -2.153826939e-02 -4.452328691e-02 1.078631160e-02 -3.668413420e-02
4.119725871e-02 -2.936292145e-02 -2.116999903e-02 -4.458859491e-02 1.146295012e-02 -3.619567614e-02
4.115564235e-02 -2.956917798e-02 -2.079990934e-02 -4.464700209e-02 1.213680000e-02 -3.569449521e-02
4.111365757e-02 -2.977435086e-02 -2.042803177e-02 -4.469849866e-02 1.280769711e-02 -3.518076698e-02
4.107130405e-02 -2.997843208e-02 -2.005439794e-02 -4.474307589e-02 1.347547802e-02 -3.465467145e-02
4.102858147e-02 -3.018141365e-02 -1.967903965e-02 -4.478072614e-02 1.413998001e-02 -3.411639298e-02
4.098548953e-02 -3.038328760e-02 -1.930198882e-02 -4.481144280e-02 1.480104117e-02 -3.356612020e-02
4.094202790e-02 -3.058404601e-02 -1.892327757e-02 -4.483522036e-02 1.545850038e-02 -3.300404602e-02
4.089819628e-02 -3.078368098e-02 -1.854293813e-02 -4.485205436e-02 1.611219736e-02 -3.243036748e-02
4.085399435e-02 -3.098218464e-02 -1.816100293e-02 -4.486194142e-02 1.676197276e-02 -3.184528572e-02
4.080942181e-02 -3.117954916e-02 -1.777750450e-02 -4.486487922e-02 1.740766812e-02 -3.124900592e-02
4.076447834e-02 -3.137576675e-02 -1.739247555e-02 -4.486086653e-02 1.804912596e-02 -3.064173721e-02
4.071916363e-02 -3.157082961e-02 -1.700594891e-02 -4.484990318e-02 1.868618984e-02 -3.002369259e-02
4.067347737e-02 -3.176473003e-02 -1.661795758e-02 -4.483199006e-02 1.931870432e-02 -2.939508889e-02
4.062741925e-02 -3.195746028e-02 -1.622853467e-02 -4.480712916e-02 1.994651506e-02 -2.875614665e-02
4.058098898e-02 -3.214901271e-02 -1.583771344e-02 -4.477532353e-02 2.056946885e-02 -2.810709009e-02
4.053418623e-02 -3.233937966e-02 -1.544552727e-02 -4.473657728e-02 2.118741362e-02 -2.744814698e-02
4.048701071e-02 -3.252855354e-02 -1.505200970e-02 -4.469089561e-02 2.180019852e-02 -2.677954861e-02
4.043946211e-02 -3.271652677e-02 -1.465719436e-02 -4.463828480e-02 2.240767392e-02 -2.610152967e-02
4.039154013e-02 -3.290329181e-02 -1.426111502e-02 -4.457875217e-02 2.300969144e-02 -2.541432822e-02
4.034324446e-02 -3.308884116e-02 -1.386380559e-02 -4.451230614e-02 2.360610403e-02 -2.471818553e-02
4.029457481e-02 -3.327316735e-02 -1.346530006e-02 -4.443895619e-02 2.419676597e-02 -2.401334606e-02
4.024553088e-02 -3.345626295e-02 -1.306563259e-02 -4.435871287e-02 2.478153293e-02 -2.330005735e-02
4.019611236e-02 -3.363812056e-02 -1.266483739e-02 -4.427158779e-02 2.536026197e-02 -2.257856995e-02
4.014631897e-02 -3.381873282e-02 -1.226294884e-02 -4.417759363e-02 2.593281160e-02 -2.184913730e-02
4.009615040e-02 -3.399809240e-02 -1.186000140e-02 -4.407674415e-02 2.649904184e-02 -2.111201566e-02
4.004560636e-02 -3.417619200e-02 -1.145602963e-02 -4.396905416e-02 2.705881419e-02 -2.036746405e-02
3.999468656e-02 -3.435302439e-02 -1.105106820e-02 -4.385453953e-02 2.761199172e-02 -1.961574410e-02
3.994339071e-02 -3.452858233e-02 -1.064515189e-02 -4.373321718e-02 2.815843908e-02 -1.885712000e-02
3.989171852e-02 -3.470285865e-02 -1.023831556e-02 -4.360510511e-02 2.869802253e-02 -1.809185840e-02
3.983966971e-02 -3.487584621e-02 -9.830594181e-03 -4.347022237e-02 2.923060998e-02 -1.732022832e-02
3.978724398e-02 -3.504753791e-02 -9.422022802e-03 -4.332858905e-02 2.975607104e-02 -1.654250104e-02
3.973444106e-02 -3.521792667e-02 -9.012636566e-03 -4.318022629e-02 3.027427701e-02 -1.575895001e-02
3.968126066e-02 -3.538700548e-02 -8.602470702e-03 -4.302515630e-02 3.078510096e-02 -1.496985077e-02
3.962770252e-02 -3.555476734e-02 -8.191560520e-03 -4.286340230e-02 3.128841770e-02 -1.417548085e-02
3.957376634e-02 -3.572120531e-02 -7.779941412e-03 -4.269498858e-02 3.178410389e-02 -1.337611965e-02
3.951945186e-02 -3.588631247e-02 -7.367648846e-03 -4.251994045e-02 3.227203801e-02 -1.257204835e-02
3.946475881e-02 -3.605008196e-02 -6.954718364e-03 -4.233828426e-02 3.275210040e-02 -1.176354986e-02
3.940968691e-02 -3.621250696e-02 -6.541185579e-03 -4.215004740e-02 3.322417331e-02 -1.095090863e-02
3.935423591e-02 -3.637358067e-02 -6.127086174e-03 -4.195525827e-02 3.368814092e-02 -1.013441064e-02
3.929840554e-02 -3.653329634e-02 -5.712455894e-03 -4.175394631e-02 3.414388935e-02 -9.314343244e-03
3.924219555e-02 -3.669164728e-02 -5.297330549e-03 -4.154614197e-02 3.459130672e-02 -8.490995078e-03
3.918560567e-02 -3.684862682e-02 -4.881746008e-03 -4.133187671e-02 3.503028316e-02 -7.664655980e-03
3.912863565e-02 -3.700422835e-02 -4.465738196e-03 -4.111118301e-02 3.546071084e-02 -6.835616868e-03
3.907128525e-02 -3.715844528e-02 -4.049343091e-03 -4.088409435e-02 3.588248398e-02 -6.004169646e-03
3.901355422e-02 -3.731127108e-02 -3.632596722e-03 -4.065064523e-02 3.629549891e-02 -5.170607102e-03
3.895544233e-02 -3.746269926e-02 -3.215535166e-03 -4.041087111e-02 3.669965408e-02 -4.335222800e-03
3.889694933e-02 -3.761272338e-02 -2.798194543e-03 -4.016480848e-02 3.709485007e-02 -3.498310980e-03
3.883807499e-02 -3.776133704e-02 -2.380611015e-03 -3.991249479e-02 3.748098965e-02 -2.660166458e-03
3.877881908e-02 -3.790853389e-02 -1.962820782e-03 -3.965396849e-02 3.785797775e-02 -1.821084515e-03
3.871918139e-02 -3.805430760e-02 -1.544860079e-03 -3.938926899e-02 3.822572156e-02 -9.813607997e-04
3.865916170e-02 -3.819865192e-02 -1.126765175e-03 -3.911843669e-02 3.858413047e-02 -1.412912201e-04
3.859875978e-02 -3.834156064e-02 -7.085723648e-04 -3.884151294e-02 3.893311617e-02 6.988281582e-04
3.853797544e-02 -3.848302757e-02 -2.903179715e-04 -3.855854004e-02 3.927259260e-02 1.538701217e-03
3.847680848e-02 -3.862304661e-02 1.279616598e-04 -3.826956127e-02 3.960247603e-02 2.378031891e-03
3.841525869e-02 -3.876161167e-02 5.462301644e-04 -3.797462083e-02 3.992268506e-02 3.216524268e-03
3.835332588e-02 -3.889871672e-02 9.644511610e-04 -3.767376388e-02 4.023314062e-02 4.053882700e-03
3.829100988e-02 -3.903435580e-02 1.382588255e-03 -3.736703651e-02 4.053376603e-02 4.889811902e-03
3.822831050e-02 -3.916852297e-02 1.800605041e-03 -3.705448573e-02 4.082448699e-02 5.724017057e-03
3.816522756e-02 -3.930121235e-02 2.218465108e-03 -3.673615946e-02 4.110523161e-02 6.556203922e-03
3.810176092e-02 -3.943241811e-02 2.636132040e-03 -3.641210657e-02 4.137593042e-02 7.386078931e-03
3.803791040e-02 -3.956213448e-02 3.053569420e-03 -3.608237680e-02 4.163651640e-02 8.213349297e-03
3.797367586e-02 -3.969035573e-02 3.470740835e-03 -3.574702081e-02 4.188692498e-02 9.037723119e-03
3.790905714e-02 -3.981707619e-02 3.887609876e-03 -3.540609013e-02 4.212709409e-02 9.858909481e-03
3.784405412e-02 -3.994229022e-02 4.304140145e-03 -3.505963721e-02 4.235696414e-02 1.067661856e-02
3.777866665e-02 -4.006599227e-02 4.720295254e-03 -3.470771533e-02 4.257647803e-02 1.149056172e-02
3.771289463e-02 -4.018817681e-02 5.136038832e-03 -3.435037868e-02 4.278558122e-02 1.230045163e-02
3.764673793e-02 -4.030883838e-02 5.551334526e-03 -3.398768229e-02 4.298422169e-02 1.310600233e-02
3.758019644e-02 -4.042797157e-02 5.966146006e-03 -3.361968204e-02 4.317234995e-02 1.390692940e-02
3.751327006e-02 -4.054557102e-02 6.380436964e-03 -3.324643466e-02 4.334991912e-02 1.470294998e-02
3.744595870e-02 -4.066163142e-02 6.794171124e-03 -3.286799772e-02 4.351688486e-02 1.549378292e-02
3.737826227e-02 -4.077614753e-02 7.207312239e-03 -3.248442961e-02 4.367320542e-02 1.627914887e-02
3.731018071e-02 -4.088911416e-02 7.619824100e-03 -3.209578952e-02 4.381884166e-02 1.705877038e-02
3.724171393e-02 -4.100052617e-02 8.031670531e-03 -3.170213749e-02 4.395375706e-02 1.783237199e-02
3.717286187e-02 -4.111037847e-02 8.442815402e-03 -3.130353433e-02 4.407791769e-02 1.859968034e-02
3.710362448e-02 -4.121866604e-02 8.853222626e-03 -3.090004164e-02 4.419129226e-02 1.936042425e-02
3.703400172e-02 -4.132538391e-02 9.262856163e-03 -3.049172181e-02 4.429385212e-02 2.011433482e-02
3.696399354e-02 -4.143052716e-02 9.671680023e-03 -3.007863801e-02 4.438557126e-02 2.086114556e-02
3.689359992e-02 -4.153409093e-02 1.007965827e-02 -2.966085414e-02 4.446642632e-02 2.160059241e-02
3.682282082e-02 -4.163607043e-02 1.048675504e-02 -2.923843490e-02 4.453639660e-02 2.233241393e-02
3.675165624e-02 -4.173646091e-02 1.089293449e-02 -2.881144569e-02 4.459546405e-02 2.305635131e-02
3.668010617e-02 -4.183525769e-02 1.129816090e-02 -2.837995265e-02 4.464361330e-02 2.377214849e-02
3.660817060e-02 -4.193245612e-02 1.170239855e-02 -2.794402267e-02 4.468083164e-02 2.447955228e-02
3.653584953e-02 -4.202805165e-02 1.210561185e-02 -2.750372331e-02 4.470710905e-02 2.517831241e-02
3.646314299e-02 -4.212203974e-02 1.250776525e-02 -2.705912286e-02 4.472243818e-02 2.586818162e-02
3.639005099e-02 -4.221441595e-02 1.290882327e-02 -2.661029030e-02 4.472681435e-02 2.654891579e-02
3.631657355e-02 -4.230517587e-02 1.330875054e-02 -2.615729528e-02 4.472023557e-02 2.722027397e-02
3.624271071e-02 -4.239431516e-02 1.370751174e-02 -2.570020811e-02 4.470270254e-02 2.788201851e-02
3.616846251e-02 -4.248182953e-02 1.410507166e-02 -2.523909977e-02 4.467421863e-02 2.853391512e-02
3.609382898e-02 -4.256771475e-02 1.450139516e-02 -2.477404190e-02 4.463478989e-02 2.917573296e-02
3.601881018e-02 -4.265196664e-02 1.489644721e-02 -2.430510676e-02 4.458442507e-02 2.980724473e-02
3.594340616e-02 -4.273458110e-02 1.529019286e-02 -2.383236723e-02 4.452313557e-02 3.042822673e-02
3.586761699e-02 -4.281555405e-02 1.568259726e-02 -2.335589681e-02 4.445093550e-02 3.103845895e-02
3.579144272e-02 -4.289488150e-02 1.607362565e-02 -2.287576960e-02 4.436784162e-02 3.163772518e-02
3.571488343e-02 -4.297255950e-02 1.646324341e-02 -2.239206031e-02 4.427387336e-02 3.222581302e-02
3.563793918e-02 -4.304858416e-02 1.685141597e-02 -2.190484420e-02 4.416905283e-02 3.280251401e-02
3.556061006e-02 -4.312295165e-02 1.723810893e-02 -2.141419712e-02 4.405340479e-02 3.336762368e-02
3.548289614e-02 -4.319565818e-02 1.762328795e-02 -2.092019545e-02 4.392695664e-02 3.392094163e-02
3.540479751e-02 -4.326670004e-02 1.800691883e-02 -2.042291614e-02 4.378973846e-02 3.446227161e-02
3.532631426e-02 -4.333607356e-02 1.838896749e-02 -1.992243667e-02 4.364178294e-02 3.499142156e-02
3.524744647e-02 -4.340377513e-02 1.876939995e-02 -1.941883501e-02 4.348312542e-02 3.550820371e-02
3.516819423e-02 -4.346980119e-02 1.914818238e-02 -1.891218969e-02 4.331380387e-02 3.601243463e-02
3.508855765e-02 -4.353414824e-02 1.952528105e-02 -1.840257968e-02 4.313385885e-02 3.650393529e-02
3.500853681e-02 -4.359681283e-02 1.990066238e-02 -1.789008447e-02 4.294333356e-02 3.698253115e-02
3.492813181e-02 -4.365779157e-02 2.027429291e-02 -1.737478401e-02 4.274227376e-02 3.744805219e-02
3.484734276e-02 -4.371708113e-02 2.064613930e-02 -1.685675872e-02 4.253072783e-02 3.790033300e-02
3.476616974e-02 -4.377467821e-02 2.101616837e-02 -1.633608945e-02 4.230874669e-02 3.833921279e-02
3.468461287e-02 -4.383057960e-02 2.138434707e-02 -1.581285750e-02 4.207638386e-02 3.876453552e-02
3.460267224e-02 -4.388478211e-02 2.175064249e-02 -1.528714458e-02 4.183369536e-02 3.917614990e-02
3.452034795e-02 -4.393728263e-02 2.211502186e-02 -1.475903282e-02 4.158073980e-02 3.957390945e-02
3.443764011e-02 -4.398807808e-02 2.247745257e-02 -1.422860475e-02 4.131757827e-02 3.995767257e-02
3.435454881e-02 -4.403716545e-02 2.283790215e-02 -1.369594326e-02 4.104427438e-02 4.032730259e-02
3.427107417e-02 -4.408454178e-02 2.319633827e-02 -1.316113165e-02 4.076089424e-02 4.068266781e-02
3.418721627e-02 -4.413020416e-02 2.355272879e-02 -1.262425356e-02 4.046750644e-02 4.102364153e-02
3.410297523e-02 -4.417414973e-02 2.390704169e-02 -1.208539296e-02 4.016418201e-02 4.135010214e-02
3.401835115e-02 -4.421637570e-02 2.425924513e-02 -1.154463420e-02 3.985099445e-02 4.166193311e-02
3.393334412e-02 -4.425687933e-02 2.460930742e-02 -1.100206191e-02 3.952801967e-02 4.195902309e-02
3.384795425e-02 -4.429565790e-02 2.495719705e-02 -1.045776105e-02 3.919533599e-02 4.224126590e-02
3.376218164e-02 -4.433270879e-02 2.530288268e-02 -9.911816861e-03 3.885302413e-02 4.250856058e-02
3.367602639e-02 -4.436802942e-02 2.564633311e-02 -9.364314888e-03 3.850116718e-02 4.276081147e-02
3.358948861e-02 -4.440161724e-02 2.598751735e-02 -8.815340933e-03 3.813985059e-02 4.299792818e-02
3.350256839e-02 -4.443346979e-02 2.632640457e-02 -8.264981057e-03 3.776916212e-02 4.321982566e-02
3.341526584e-02 -4.446358465e-02 2.666296411e-02 -7.713321568e-03 3.738919186e-02 4.342642422e-02
3.332758107e-02 -4.449195944e-02 2.699716551e-02 -7.160449005e-03 3.700003219e-02 4.361764957e-02
3.323951417e-02 -4.451859187e-02 2.732897848e-02 -6.606450125e-03 3.660177777e-02 4.379343285e-02
3.315106526e-02 -4.454347967e-02 2.765837293e-02 -6.051411891e-03 3.619452549e-02 4.395371063e-02
3.306223445e-02 -4.456662066e-02 2.798531894e-02 -5.495421458e-03 3.577837447e-02 4.409842496e-02
3.297302184e-02 -4.458801269e-02 2.830978680e-02 -4.938566161e-03 3.535342605e-02 4.422752338e-02
3.288342755e-02 -4.460765369e-02 2.863174700e-02 -4.380933499e-03 3.491978372e-02 4.434095894e-02
3.279345169e-02 -4.462554164e-02 2.895117021e-02 -3.822611126e-03 3.447755316e-02 4.443869024e-02
3.270309440e-02 -4.464167458e-02 2.926802731e-02 -3.263686833e-03 3.402684215e-02 4.452068141e-02
3.261235578e-02 -4.465605061e-02 2.958228939e-02 -2.704248537e-03 3.356776059e-02 4.458690214e-02
3.252123598e-02 -4.466866789e-02 2.989392775e-02 -2.144384269e-03 3.310042046e-02 4.463732771e-02
3.242973513e-02 -4.467952465e-02 3.020291389e-02 -1.584182156e-03 3.262493579e-02 4.467193899e-02
3.233785336e-02 -4.468861919e-02 3.050921953e-02 -1.023730413e-03 3.214142264e-02 4.469072243e-02
3.224559084e-02 -4.469594985e-02 3.081281661e-02 -4.631173236e-04 3.164999907e-02 4.469367008e-02
3.215294771e-02 -4.470151506e-02 3.111367729e-02 9.756876889e-05 3.115078512e-02 4.468077961e-02
3.205992414e-02 -4.470531330e-02 3.141177395e-02 6.582394784e-04 3.064390276e-02 4.465205431e-02
3.196652030e-02 -4.470734314e-02 3.170707919e-02 1.218806388e-03 3.012947588e-02 4.460750306e-02
3.187273638e-02 -4.470760320e-02 3.199956587e-02 1.779181067e-03 2.960763027e-02 4.454714036e-02
3.177857257e-02 -4.470609218e-02 3.228920705e-02 2.339275079e-03 2.907849357e-02 4.447098631e-02
3.168402908e-02 -4.470280885e-02 3.257597606e-02 2.899000002e-03 2.854219523e-02 4.437906664e-02
3.158910613e-02 -4.469775206e-02 3.285984643e-02 3.458267440e-03 2.799886652e-02 4.427141265e-02
3.149380394e-02 -4.469092071e-02 3.314079197e-02 4.016989037e-03 2.744864047e-02 4.414806125e-02
3.139812275e-02 -4.468231382e-02 3.341878674e-02 4.575076491e-03 2.689165183e-02 4.400905490e-02
3.130206285e-02 -4.467193044e-02 3.369380502e-02 5.132441571e-03 2.632803708e-02 4.385444164e-02
3.120562448e-02 -4.465976973e-02 3.396582137e-02 5.688996126e-03 2.575793434e-02 4.368427508e-02
3.110880796e-02 -4.464583094e-02 3.423481061e-02 6.244652106e-03 2.518148339e-02 4.349861434e-02
3.101161358e-02 -4.463011336e-02 3.450074781e-02 6.799321572e-03 2.459882558e-02 4.329752407e-02
3.091404167e-02 -4.461261641e-02 3.476360832e-02 7.352916711e-03 2.401010387e-02 4.308107439e-02
3.081609259e-02 -4.459333955e-02 3.502336774e-02 7.905349851e-03 2.341546272e-02 4.284934093e-02
3.071776670e-02 -4.457228237e-02 3.528000197e-02 8.456533480e-03 2.281504811e-02 4.260240474e-02
3.061906438e-02 -4.454944453e-02 3.553348716e-02 9.006380251e-03 2.220900748e-02 4.234035230e-02
3.051998605e-02 -4.452482576e-02 3.578379977e-02 9.554803008e-03 2.159748969e-02 4.206327549e-02
3.042053213e-02 -4.449842591e-02 3.603091652e-02 1.010171479e-02 2.098064499e-02 4.177127155e-02
3.032070308e-02 -4.447024490e-02 3.627481443e-02 1.064702886e-02 2.035862500e-02 4.146444304e-02
3.022049938e-02 -4.444028277e-02 3.651547081e-02 1.119065870e-02 1.973158264e-02 4.114289782e-02
3.011992152e-02 -4.440853961e-02 3.675286326e-02 1.173251804e-02 1.909967212e-02 4.080674902e-02
3.001897004e-02 -4.437501566e-02 3.698696970e-02 1.227252087e-02 1.846304889e-02 4.045611497e-02
2.991764548e-02 -4.433971121e-02 3.721776832e-02 1.281058147e-02 1.782186960e-02 4.009111920e-02
2.981594843e-02 -4.430262668e-02 3.744523763e-02 1.334661437e-02 1.717629207e-02 3.971189037e-02
2.971387949e-02 -4.426376257e-02 3.766935646e-02 1.388053446e-02 1.652647523e-02 3.931856223e-02
2.961143928e-02 -4.422311949e-02 3.789010394e-02 1.441225689e-02 1.587257912e-02 3.891127357e-02
2.950862848e-02 -4.418069813e-02 3.810745953e-02 1.494169719e-02 1.521476480e-02 3.849016821e-02
2.940544777e-02 -4.413649932e-02 3.832140298e-02 1.546877122e-02 1.455319434e-02 3.805539487e-02
2.930189785e-02 -4.409052396e-02 3.853191439e-02 1.599339520e-02 1.388803080e-02 3.760710720e-02
2.919797949e-02 -4.404277306e-02 3.873897417e-02 1.651548574e-02 1.321943812e-02 3.714546369e-02
2.909369344e-02 -4.399324775e-02 3.894256307e-02 1.703495982e-02 1.254758114e-02 3.667062760e-02
2.898904052e-02 -4.394194924e-02 3.914266217e-02 1.755173486e-02 1.187262556e-02 3.618276693e-02
2.888402154e-02 -4.388887885e-02 3.933925286e-02 1.806572867e-02 1.119473785e-02 3.568205435e-02
2.877863737e-02 -4.383403803e-02 3.953231689e-02 1.857685953e-02 1.051408525e-02 3.516866712e-02
2.867288890e-02 -4.377742830e-02 3.972183634e-02 1.908504613e-02 9.830835692e-03 3.464278708e-02
2.856677704e-02 -4.371905130e-02 3.990779364e-02 1.959020766e-02 9.145157802e-03 3.410460051e-02
2.846030275e-02 -4.365890879e-02 4.009017155e-02 2.009226378e-02 8.457220822e-03 3.355429812e-02
2.835346698e-02 -4.359700260e-02 4.026895319e-02 2.059113463e-02 7.767194577e-03 3.299207497e-02
2.824627076e-02 -4.353333470e-02 4.044412200e-02 2.108674086e-02 7.075249433e-03 3.241813038e-02
2.813871510e-02 -4.346790715e-02 4.061566181e-02 2.157900366e-02 6.381556255e-03 3.183266788e-02
2.803080106e-02 -4.340072211e-02 4.078355677e-02 2.206784473e-02 5.686286357e-03 3.123589514e-02
2.792252974e-02 -4.333178185e-02 4.094779139e-02 2.255318634e-02 4.989611464e-03 3.062802386e-02
2.781390223e-02 -4.326108874e-02 4.110835054e-02 2.303495129e-02 4.291703666e-03 3.000926974e-02
2.770491969e-02 -4.318864526e-02 4.126521944e-02 2.351306299e-02 3.592735374e-03 2.937985237e-02
2.759558326e-02 -4.311445398e-02 4.141838367e-02 2.398744542e-02 2.892879276e-03 2.873999515e-02
2.748589415e-02 -4.303851758e-02 4.156782917e-02 2.445802314e-02 2.192308292e-03 2.808992524e-02
2.737585356e-02 -4.296083884e-02 4.171354223e-02 2.492472137e-02 1.491195532e-03 2.742987344e-02
2.726546274e-02 -4.288142063e-02 4.185550951e-02 2.538746590e-02 7.897142496e-04 2.676007414e-02
2.715472293e-02 -4.280026592e-02 4.199371802e-02 2.584618321e-02 8.803779891e-05 2.608076520e-02
2.704363541e-02 -4.271737780e-02 4.212815514e-02 2.630080038e-02 -6.136604097e-04 2.539218790e-02
2.693220150e-02 -4.263275941e-02 4.225880860e-02 2.675124518e-02 -1.315206954e-03 2.469458682e-02
2.682042251e-02 -4.254641403e-02 4.238566652e-02 2.719744606e-02 -2.016428443e-03 2.398820978e-02
2.670829978e-02 -4.245834500e-02 4.250871734e-02 2.763933212e-02 -2.717151562e-03 2.327330772e-02
2.659583467e-02 -4.236855576e-02 4.262794989e-02 2.807683319e-02 -3.417203116e-03 2.255013465e-02
2.648302855e-02 -4.227704985e-02 4.274335335e-02 2.850987978e-02 -4.116410074e-03 2.181894751e-02
2.636988282e-02 -4.218383090e-02 4.285491727e-02 2.893840313e-02 -4.814599610e-03 2.108000611e-02
2.625639888e-02 -4.208890259e-02 4.296263155e-02 2.936233520e-02 -5.511599151e-03 2.033357304e-02
2.614257815e-02 -4.199226872e-02 4.306648646e-02 2.978160869e-02 -6.207236415e-03 1.957991353e-02
2.602842206e-02 -4.189393317e-02 4.316647262e-02 3.019615705e-02 -6.901339460e-03 1.881929541e-02
2.591393206e-02 -4.179389989e-02 4.326258103e-02 3.060591449e-02 -7.593736719e-03 1.805198900e-02
2.579910961e-02 -4.169217290e-02 4.335480301e-02 3.101081598e-02 -8.284257052e-03 1.727826697e-02
2.568395616e-02 -4.158875631e-02 4.344313027e-02 3.141079725e-02 -8.972729781e-03 1.649840431e-02
2.556847318e-02 -4.148365431e-02 4.352755486e-02 3.180579485e-02 -9.658984735e-03 1.571267815e-02
2.545266217e-02 -4.137687115e-02 4.360806920e-02 3.219574610e-02 -1.034285229e-02 1.492136776e-02
2.533652459e-02 -4.126841115e-02 4.368466605e-02 3.258058912e-02 -1.102416342e-02 1.412475435e-02
2.522006194e-02 -4.115827870e-02 4.375733852e-02 3.296026285e-02 -1.170274972e-02 1.332312104e-02
2.510327571e-02 -4.104647828e-02 4.382608009e-02 3.333470706e-02 -1.237844347e-02 1.251675273e-02
2.498616739e-02 -4.093301439e-02 4.389088457e-02 3.370386232e-02 -1.305107766e-02 1.170593600e-02
2.486873848e-02 -4.081789162e-02 4.395174612e-02 3.406767006e-02 -1.372048602e-02 1.089095900e-02
2.475099048e-02 -4.070111463e-02 4.400865926e-02 3.442607254e-02 -1.438650309e-02 1.007211137e-02
2.463292488e-02 -4.058268812e-02 4.406161884e-02 3.477901286e-02 -1.504896425e-02 9.249684130e-03
2.451454317e-02 -4.046261685e-02 4.411062008e-02 3.512643501e-02 -1.570770573e-02 8.423969549e-03
2.439584683e-02 -4.034090564e-02 4.415565850e-02 3.546828381e-02 -1.636256471e-02 7.595261079e-03
2.427683737e-02 -4.021755936e-02 4.419673000e-02 3.580450496e-02 -1.701337929e-02 6.763853233e-03
2.415751625e-02 -4.009258292e-02 4.423383081e-02 3.613504506e-02 -1.765998856e-02 5.930041482e-03
2.403788495e-02 -3.996598130e-02 4.426695747e-02 3.645985156e-02 -1.830223267e-02 5.094122152e-03
2.391794494e-02 -3.983775952e-02 4.429610689e-02 3.677887282e-02 -1.893995282e-02 4.256392321e-03
2.379769767e-02 -3.970792263e-02 4.432127630e-02 3.709205811e-02 -1.957299130e-02 3.417149712e-03
2.367714460e-02 -3.957647575e-02 4.434246326e-02 3.739935758e-02 -2.020119156e-02 2.576692588e-03
2.355628717e-02 -3.944342402e-02 4.435966567e-02 3.770072228e-02 -2.082439822e-02 1.735319652e-03
2.343512681e-02 -3.930877264e-02 4.437288174e-02 3.799610422e-02 -2.144245713e-02 8.933299365e-04
2.331366494e-02 -3.917252683e-02 4.438211004e-02 3.828545628e-02 -2.205521537e-02 5.102270199e-05
2.319190296e-02 -3.903469186e-02 4.438734944e-02 3.856873231e-02 -2.266252133e-02 -7.913026680e-04
2.306984229e-02 -3.889527304e-02 4.438859914e-02 3.884588704e-02 -2.326422470e-02 -1.633346772e-03
2.294748429e-02 -3.875427572e-02 4.438585868e-02 3.911687620e-02 -2.386017655e-02 -2.474810295e-03
2.282483035e-02 -3.861170525e-02 4.437912789e-02 3.938165641e-02 -2.445022932e-02 -3.315394112e-03
2.270188182e-02 -3.846756706e-02 4.436840696e-02 3.964018525e-02 -2.503423690e-02 -4.154799394e-03
2.257864004e-02 -3.832186659e-02 4.435369636e-02 3.989242128e-02 -2.561205463e-02 -4.992727710e-03
2.245510635e-02 -3.817460931e-02 4.433499692e-02 4.013832399e-02 -2.618353933e-02 -5.828881132e-03
2.233128207e-02 -3.802580073e-02 4.431230976e-02 4.037785383e-02 -2.674854938e-02 -6.662962338e-03
2.220716849e-02 -3.787544638e-02 4.428563633e-02 4.061097223e-02 -2.730694469e-02 -7.494674716e-03
2.208276690e-02 -3.772355182e-02 4.425497838e-02 4.083764159e-02 -2.785858679e-02 -8.323722465e-03
2.195807858e-02 -3.757012266e-02 4.422033799e-02 4.105782528e-02 -2.840333883e-02 -9.149810701e-03
2.183310478e-02 -3.741516452e-02 4.418171755e-02 4.127148767e-02 -2.894106560e-02 -9.972645556e-03
2.170784675e-02 -3.725868305e-02 4.413911977e-02 4.147859409e-02 -2.947163360e-02 -1.079193428e-02
2.158230572e-02 -3.710068393e-02 4.409254766e-02 4.167911088e-02 -2.999491105e-02 -1.160738535e-02
2.145648290e-02 -3.694117287e-02 4.404200456e-02 4.187300536e-02 -3.051076791e-02 -1.241870856e-02
2.133037949e-02 -3.678015561e-02 4.398749411e-02 4.206024587e-02 -3.101907593e-02 -1.322561513e-02
2.120399668e-02 -3.661763791e-02 4.392902026e-02 4.224080174e-02 -3.151970867e-02 -1.402781780e-02
2.107733564e-02 -3.645362558e-02 4.386658728e-02 4.241464331e-02 -3.201254155e-02 -1.482503093e-02
2.095039752e-02 -3.628812444e-02 4.380019976e-02 4.258174193e-02 -3.249745184e-02 -1.561697061e-02
2.082318348e-02 -3.612114033e-02 4.372986258e-02 4.274206998e-02 -3.297431872e-02 -1.640335475e-02
2.069569465e-02 -3.595267915e-02 4.365558094e-02 4.289560086e-02 -3.344302331e-02 -1.718390317e-02
2.056793215e-02 -3.578274681e-02 4.357736037e-02 4.304230897e-02 -3.390344868e-02 -1.795833772e-02
2.043989709e-02 -3.561134925e-02 4.349520670e-02 4.318216978e-02 -3.435547988e-02 -1.872638235e-02
2.031159056e-02 -3.543849245e-02 4.340912605e-02 4.331515978e-02 -3.479900400e-02 -1.948776323e-02
2.018301366e-02 -3.526418241e-02 4.331912490e-02 4.344125648e-02 -3.523391016e-02 -2.024220883e-02
2.005416745e-02 -3.508842518e-02 4.322521000e-02 4.356043845e-02 -3.566008953e-02 -2.098945004e-02
1.992505303e-02 -3.491122684e-02 4.312738844e-02 4.367268532e-02 -3.607743542e-02 -2.172922020e-02
1.979567143e-02 -3.473259348e-02 4.302566762e-02 4.377797775e-02 -3.648584322e-02 -2.246125529e-02
1.966602371e-02 -3.455253126e-02 4.292005525e-02 4.387629746e-02 -3.688521051e-02 -2.318529395e-02
1.953611093e-02 -3.437104636e-02 4.281055937e-02 4.396762724e-02 -3.727543701e-02 -2.390107757e-02
1.940593411e-02 -3.418814499e-02 4.269718831e-02 4.405195094e-02 -3.765642466e-02 -2.460835045e-02
1.927549429e-02 -3.400383342e-02 4.257995074e-02 4.412925346e-02 -3.802807762e-02 -2.530685981e-02
1.914479250e-02 -3.381811795e-02 4.245885565e-02 4.419952080e-02 -3.839030232e-02 -2.599635593e-02
1.901382977e-02 -3.363100491e-02 4.233391234e-02 4.426274002e-02 -3.874300742e-02 -2.667659222e-02
1.888260711e-02 -3.344250068e-02 4.220513044e-02 4.431889927e-02 -3.908610392e-02 -2.734732531e-02
1.875112555e-02 -3.325261170e-02 4.207251988e-02 4.436798776e-02 -3.941950513e-02 -2.800831514e-02
1.861938610e-02 -3.306134444e-02 4.193609095e-02 4.440999581e-02 -3.974312669e-02 -2.865932503e-02
1.848738979e-02 -3.286870540e-02 4.179585423e-02 4.444491482e-02 -4.005688663e-02 -2.930012181e-02
1.835513762e-02 -3.267470117e-02 4.165182065e-02 4.447273728e-02 -4.036070534e-02 -2.993047584e-02
1.822263062e-02 -3.247933835e-02 4.150400144e-02 4.449345680e-02 -4.065450564e-02 -3.055016114e-02
1.808986982e-02 -3.228262360e-02 4.135240818e-02 4.450706806e-02 -4.093821279e-02 -3.115895545e-02
1.795685623e-02 -3.208456365e-02 4.119705278e-02 4.451356687e-02 -4.121175448e-02 -3.175664031e-02
1.782359088e-02 -3.188516527e-02 4.103794745e-02 4.451295012e-02 -4.147506089e-02 -3.234300117e-02
1.769007482e-02 -3.168443528e-02 4.087510477e-02 4.450521583e-02 -4.172806467e-02 -3.291782741e-02
1.755630907e-02 -3.148238057e-02 4.070853762e-02 4.449036314e-02 -4.197070101e-02 -3.348091248e-02
1.742229469e-02 -3.127900806e-02 4.053825923e-02 4.446839227e-02 -4.220290760e-02 -3.403205392e-02
1.728803273e-02 -3.107432476e-02 4.036428317e-02 4.443930460e-02 -4.242462471e-02 -3.457105349e-02
1.715352424e-02 -3.086833773e-02 4.018662332e-02 4.440310260e-02 -4.263579514e-02 -3.509771719e-02
1.701877032e-02 -3.066105409e-02 4.000529391e-02 4.435978987e-02 -4.283636429e-02 -3.561185535e-02
1.688377202e-02 -3.045248101e-02 3.982030952e-02 4.430937116e-02 -4.302628017e-02 -3.611328272e-02
1.674853045e-02 -3.024262575e-02 3.963168504e-02 4.425185231e-02 -4.320549338e-02 -3.660181852e-02
1.661304672e-02 -3.003149560e-02 3.943943573e-02 4.418724031e-02 -4.337395718e-02 -3.707728652e-02
1.647732193e-02 -2.981909796e-02 3.924357716e-02 4.411554327e-02 -4.353162744e-02 -3.753951506e-02
1.634135721e-02 -2.960544026e-02 3.904412526e-02 4.403677044e-02 -4.367846270e-02 -3.798833720e-02
1.620515372e-02 -2.939053002e-02 3.884109630e-02 4.395093221e-02 -4.381442420e-02 -3.842359069e-02
1.606871260e-02 -2.917437482e-02 3.863450688e-02 4.385804008e-02 -4.393947582e-02 -3.884511810e-02
1.593203504e-02 -2.895698231e-02 3.842437394e-02 4.375810671e-02 -4.405358418e-02 -3.925276685e-02
1.579512221e-02 -2.873836022e-02 3.821071478e-02 4.365114588e-02 -4.415671857e-02 -3.964638927e-02
1.565797533e-02 -2.851851635e-02 3.799354703e-02 4.353717252e-02 -4.424885102e-02 -4.002584266e-02
1.552059562e-02 -2.829745858e-02 3.777288867e-02 4.341620269e-02 -4.432995629e-02 -4.039098932e-02
1.538298432e-02 -2.807519483e-02 3.754875802e-02 4.328825357e-02 -4.440001189e-02 -4.074169667e-02
1.524514268e-02 -2.785173315e-02 3.732117374e-02 4.315334351e-02 -4.445899804e-02 -4.107783721e-02
1.510707199e-02 -2.762708163e-02 3.709015484e-02 4.301149196e-02 -4.450689775e-02 -4.139928865e-02
1.496877354e-02 -2.740124843e-02 3.685572066e-02 4.286271954e-02 -4.454369679e-02 -4.170593391e-02
1.483024866e-02 -2.717424182e-02 3.661789091e-02 4.270704798e-02 -4.456938369e-02 -4.199766118e-02
1.469149866e-02 -2.694607013e-02 3.637668563e-02 4.254450015e-02 -4.458394977e-02 -4.227436395e-02
1.455252492e-02 -2.671674175e-02 3.613212518e-02 4.237510006e-02 -4.458738910e-02 -4.253594108e-02
1.441332880e-02 -2.648626519e-02 3.588423030e-02 4.219887283e-02 -4.457969858e-02 -4.278229683e-02
1.427391172e-02 -2.625464901e-02 3.563302205e-02 4.201584474e-02 -4.456087787e-02 -4.301334087e-02
1.413427508e-02 -2.602190186e-02 3.537852183e-02 4.182604316e-02 -4.453092943e-02 -4.322898836e-02
1.399442034e-02 -2.578803246e-02 3.512075139e-02 4.162949661e-02 -4.448985852e-02 -4.342915994e-02
1.385434895e-02 -2.555304962e-02 3.485973283e-02 4.142623471e-02 -4.443767319e-02 -4.361378181e-02
1.371406241e-02 -2.531696223e-02 3.459548855e-02 4.121628823e-02 -4.437438430e-02 -4.378278570e-02
1.357356221e-02 -2.507977926e-02 3.432804134e-02 4.099968903e-02 -4.430000548e-02 -4.393610898e-02
1.343284991e-02 -2.484150976e-02 3.405741428e-02 4.077647008e-02 -4.421455319e-02 -4.407369459e-02
1.329192704e-02 -2.460216287e-02 3.378363081e-02 4.054666547e-02 -4.411804667e-02 -4.419549115e-02
1.315079519e-02 -2.436174779e-02 3.350671470e-02 4.031031038e-02 -4.401050795e-02 -4.430145291e-02
1.300945596e-02 -2.412027381e-02 3.322669005e-02 4.006744111e-02 -4.389196184e-02 -4.439153984e-02
1.286791096e-02 -2.387775031e-02 3.294358130e-02 3.981809504e-02 -4.376243596e-02 -4.446571759e-02
1.272616186e-02 -2.363418675e-02 3.265741321e-02 3.956231064e-02 -4.362196069e-02 -4.452395751e-02
1.258421031e-02 -2.338959265e-02 3.236821086e-02 3.930012747e-02 -4.347056920e-02 -4.456623672e-02
1.244205801e-02 -2.314397763e-02 3.207599967e-02 3.903158618e-02 -4.330829741e-02 -4.459253805e-02
1.229970667e-02 -2.289735139e-02 3.178080539e-02 3.875672846e-02 -4.313518402e-02 -4.460285010e-02
1.215715804e-02 -2.264972370e-02 3.148265406e-02 3.847559711e-02 -4.295127048e-02 -4.459716721e-02
1.201441387e-02 -2.240110440e-02 3.118157208e-02 3.818823597e-02 -4.275660098e-02 -4.457548950e-02
1.187147595e-02 -2.215150343e-02 3.087758614e-02 3.789468994e-02 -4.255122244e-02 -4.453782283e-02
1.172834608e-02 -2.190093080e-02 3.057072325e-02 3.759500496e-02 -4.233518451e-02 -4.448417885e-02
1.158502609e-02 -2.164939658e-02 3.026101074e-02 3.728922804e-02 -4.210853957e-02 -4.441457496e-02
1.144151784e-02 -2.139691095e-02 2.994847624e-02 3.697740720e-02 -4.187134268e-02 -4.432903432e-02
1.129782319e-02 -2.114348413e-02 2.963314770e-02 3.665959149e-02 -4.162365160e-02 -4.422758585e-02
1.115394405e-02 -2.088912644e-02 2.931505337e-02 3.633583099e-02 -4.136552676e-02 -4.411026419e-02
1.100988232e-02 -2.063384827e-02 2.899422179e-02 3.600617680e-02 -4.109703126e-02 -4.397710976e-02
1.086563995e-02 -2.037766007e-02 2.867068182e-02 3.567068100e-02 -4.081823084e-02 -4.382816865e-02
1.072121888e-02 -2.012057239e-02 2.834446259e-02 3.532939669e-02 -4.052919389e-02 -4.366349269e-02
1.057662111e-02 -1.986259582e-02 2.801559356e-02 3.498237794e-02 -4.022999138e-02 -4.348313939e-02
1.043184864e-02 -1.960374105e-02 2.768410444e-02 3.462967982e-02 -3.992069690e-02 -4.328717192e-02
1.028690347e-02 -1.934401881e-02 2.735002526e-02 3.427135835e-02 -3.960138664e-02 -4.307565913e-02
1.014178766e-02 -1.908343993e-02 2.701338631e-02 3.390747053e-02 -3.927213931e-02 -4.284867546e-02
9.996503265e-03 -1.882201530e-02 2.667421818e-02 3.353807428e-02 -3.893303618e-02 -4.260630096e-02
9.851052359e-03 -1.855975586e-02 2.633255173e-02 3.316322850e-02 -3.858416106e-02 -4.234862127e-02
9.705437042e-03 -1.829667265e-02 2.598841809e-02 3.278299301e-02 -3.822560023e-02 -4.207572755e-02
9.559659433e-03 -1.803277673e-02 2.564184866e-02 3.239742853e-02 -3.785744247e-02 -4.178771649e-02
9.413721667e-03 -1.776807927e-02 2.529287512e-02 3.200659672e-02 -3.747977902e-02 -4.148469024e-02
9.267625896e-03 -1.750259148e-02 2.494152939e-02 3.161056013e-02 -3.709270353e-02 -4.116675639e-02
9.121374291e-03 -1.723632464e-02 2.458784368e-02 3.120938221e-02 -3.669631209e-02 -4.083402796e-02
8.974969041e-03 -1.696929009e-02 2.423185044e-02 3.080312727e-02 -3.629070316e-02 -4.048662330e-02
8.828412351e-03 -1.670149923e-02 2.387358238e-02 3.039186051e-02 -3.587597757e-02 -4.012466610e-02
8.681706442e-03 -1.643296351e-02 2.351307243e-02 2.997564798e-02 -3.545223848e-02 -3.974828531e-02
8.534853553e-03 -1.616369446e-02 2.315035382e-02 2.955455657e-02 -3.501959137e-02 -3.935761514e-02
8.387855937e-03 -1.589370366e-02 2.278545997e-02 2.912865403e-02 -3.457814399e-02 -3.895279494e-02
8.240715865e-03 -1.562300273e-02 2.241842457e-02 2.869800890e-02 -3.412800636e-02 -3.853396924e-02
8.093435619e-03 -1.535160336e-02 2.204928153e-02 2.826269055e-02 -3.366929071e-02 -3.810128761e-02
7.946017501e-03 -1.507951730e-02 2.167806499e-02 2.782276916e-02 -3.320211149e-02 -3.765490467e-02
7.798463824e-03 -1.480675635e-02 2.130480933e-02 2.737831568e-02 -3.272658532e-02 -3.719498001e-02
7.650776916e-03 -1.453333235e-02 2.092954914e-02 2.692940184e-02 -3.224283094e-02 -3.672167811e-02
7.502959118e-03 -1.425925720e-02 2.055231922e-02 2.647610015e-02 -3.175096921e-02 -3.623516835e-02
7.355012786e-03 -1.398454285e-02 2.017315461e-02 2.601848384e-02 -3.125112309e-02 -3.573562485e-02
7.206940288e-03 -1.370920130e-02 1.979209054e-02 2.555662691e-02 -3.074341755e-02 -3.522322651e-02
7.058744006e-03 -1.343324459e-02 1.940916246e-02 2.509060407e-02 -3.022797960e-02 -3.469815686e-02
6.910426333e-03 -1.315668483e-02 1.902440601e-02 2.462049074e-02 -2.970493824e-02 -3.416060405e-02
6.761989674e-03 -1.287953414e-02 1.863785704e-02 2.414636305e-02 -2.917442441e-02 -3.361076075e-02
6.613436446e-03 -1.260180472e-02 1.824955159e-02 2.366829781e-02 -2.863657095e-02 -3.304882410e-02
6.464769079e-03 -1.232350879e-02 1.785952588e-02 2.318637251e-02 -2.809151262e-02 -3.247499563e-02
6.315990012e-03 -1.204465863e-02 1.746781634e-02 2.270066528e-02 -2.753938599e-02 -3.188948118e-02
6.167101696e-03 -1.176526653e-02 1.707445956e-02 2.221125493e-02 -2.698032947e-02 -3.129249084e-02
6.018106593e-03 -1.148534486e-02 1.667949233e-02 2.171822088e-02 -2.641448324e-02 -3.068423888e-02
5.869007173e-03 -1.120490602e-02 1.628295159e-02 2.122164317e-02 -2.584198921e-02 -3.006494362e-02
5.719805918e-03 -1.092396242e-02 1.588487446e-02 2.072160246e-02 -2.526299103e-02 -2.943482744e-02
5.570505318e-03 -1.064252654e-02 1.548529825e-02 2.021817998e-02 -2.467763397e-02 -2.879411662e-02
5.421107875e-03 -1.036061089e-02 1.508426039e-02 1.971145757e-02 -2.408606498e-02 -2.814304129e-02
5.271616098e-03 -1.007822801e-02 1.468179849e-02 1.920151760e-02 -2.348843257e-02 -2.748183536e-02
5.122032504e-03 -9.795390462e-03 1.427795033e-02 1.868844301e-02 -2.288488681e-02 -2.681073639e-02
4.972359621e-03 -9.512110869e-03 1.387275380e-02 1.817231728e-02 -2.227557930e-02 -2.612998558e-02
4.822599984e-03 -9.228401870e-03 1.346624698e-02 1.765322440e-02 -2.166066313e-02 -2.543982759e-02
4.672756135e-03 -8.944276137e-03 1.305846805e-02 1.713124887e-02 -2.104029279e-02 -2.474051052e-02
4.522830626e-03 -8.659746376e-03 1.264945537e-02 1.660647568e-02 -2.041462421e-02 -2.403228581e-02
4.372826014e-03 -8.374825322e-03 1.223924739e-02 1.607899030e-02 -1.978381465e-02 -2.331540811e-02
4.222744866e-03 -8.089525737e-03 1.182788272e-02 1.554887868e-02 -1.914802271e-02 -2.259013524e-02
4.072589755e-03 -7.803860414e-03 1.141540009e-02 1.501622720e-02 -1.850740827e-02 -2.185672805e-02
3.922363259e-03 -7.517842171e-03 1.100183834e-02 1.448112267e-02 -1.786213243e-02 -2.111545036e-02
3.772067965e-03 -7.231483852e-03 1.058723643e-02 1.394365235e-02 -1.721235751e-02 -2.036656884e-02
3.621706466e-03 -6.944798328e-03 1.017163343e-02 1.340390387e-02 -1.655824698e-02 -1.961035295e-02
3.471281360e-03 -6.657798494e-03 9.755068546e-03 1.286196528e-02 -1.589996540e-02 -1.884707478e-02
3.320795253e-03 -6.370497266e-03 9.337581049e-03 1.231792498e-02 -1.523767843e-02 -1.807700902e-02
3.170250753e-03 -6.082907585e-03 8.919210333e-03 1.177187175e-02 -1.457155275e-02 -1.730043281e-02
3.019650478e-03 -5.795042414e-03 8.499995882e-03 1.122389470e-02 -1.390175604e-02 -1.651762567e-02
2.868997048e-03 -5.506914736e-03 8.079977274e-03 1.067408328e-02 -1.322845690e-02 -1.572886937e-02
2.718293090e-03 -5.218537552e-03 7.659194173e-03 1.012252726e-02 -1.255182485e-02 -1.493444787e-02
2.567541236e-03 -4.929923884e-03 7.237686326e-03 9.569316693e-03 -1.187203026e-02 -1.413464716e-02
2.416744120e-03 -4.641086772e-03 6.815493561e-03 9.014541931e-03 -1.118924431e-02 -1.332975522e-02
2.265904383e-03 -4.352039273e-03 6.392655781e-03 8.458293589e-03 -1.050363896e-02 -1.252006187e-02
2.115024670e-03 -4.062794460e-03 5.969212958e-03 7.900662537e-03 -9.815386894e-03 -1.170585867e-02
1.964107629e-03 -3.773365421e-03 5.545205132e-03 7.341739883e-03 -9.124661476e-03 -1.088743883e-02
1.813155913e-03 -3.483765258e-03 5.120672405e-03 6.781616957e-03 -8.431636708e-03 -1.006509710e-02
1.662172177e-03 -3.194007086e-03 4.695654936e-03 6.220385298e-03 -7.736487183e-03 -9.239129652e-03
1.511159080e-03 -2.904104036e-03 4.270192939e-03 5.658136635e-03 -7.039388044e-03 -8.409833981e-03
1.360119285e-03 -2.614069245e-03 3.844326676e-03 5.094962872e-03 -6.340514937e-03 -7.577508796e-03
1.209055456e-03 -2.323915863e-03 3.418096454e-03 4.530956074e-03 -5.640043964e-03 -6.742453908e-03
1.057970260e-03 -2.033657051e-03 2.991542620e-03 3.966208450e-03 -4.938151641e-03 -5.904970123e-03
9.068663672e-04 -1.743305974e-03 2.564705557e-03 3.400812334e-03 -4.235014849e-03 -5.065359133e-03
7.557464481e-04 -1.452875807e-03 2.137625677e-03 2.834860173e-03 -3.530810789e-03 -4.223923402e-03
6.046131750e-04 -1.162379730e-03 1.710343420e-03 2.268444509e-03 -2.825716934e-03 -3.380966057e-03
4.534692210e-04 -8.718309247e-04 1.282899245e-03 1.701657961e-03 -2.119910988e-03 -2.536790777e-03
3.023172593e-04 -5.812425782e-04 8.553336276e-04 1.134593209e-03 -1.413570829e-03 -1.691701679e-03
1.511599622e-04 -2.906278757e-04 4.276870509e-04 5.673429742e-04 -7.068744700e-04 -8.460032037e-04
