1.174843486e+01
1.177822060e+01
1.180774430e+01
1.183701337e+01
1.186603518e+01
1.189481702e+01
1.192336606e+01
1.195168941e+01
1.197979409e+01
1.200768705e+01
1.203537512e+01
1.206286506e+01
1.209016355e+01
1.211727714e+01
1.214421230e+01
1.217097545e+01
1.219757285e+01
1.222401070e+01
1.225029507e+01
1.227643198e+01
1.230242729e+01
1.232828682e+01
1.235401628e+01
1.237962124e+01
1.240510721e+01
1.243047960e+01
1.245574369e+01
1.248090473e+01
1.250596775e+01
1.253093782e+01
1.255581984e+01
1.258061859e+01
1.260533884e+01
1.262998518e+01
1.265456212e+01
1.267907412e+01
1.270352553e+01
1.272792054e+01
1.275226336e+01
1.277655802e+01
1.280080851e+01
1.282501870e+01
1.284919239e+01
1.287333328e+01
1.289744502e+01
1.292153111e+01
1.294559501e+01
1.296964012e+01
1.299366968e+01
1.301768694e+01
1.304169501e+01
1.306569695e+01
1.308969571e+01
1.311369422e+01
1.313769528e+01
1.316170165e+01
1.318571599e+01
1.320974091e+01
1.323377894e+01
1.325783253e+01
1.328190409e+01
1.330599596e+01
1.333011037e+01
1.335424952e+01
1.337841555e+01
1.340261051e+01
1.342683643e+01
1.345109523e+01
1.347538882e+01
1.349971900e+01
1.352408756e+01
1.354849619e+01
1.357294657e+01
1.359744028e+01
1.362197889e+01
1.364656388e+01
1.367119669e+01
1.369587872e+01
1.372061133e+01
1.374539578e+01
1.377023335e+01
1.379512521e+01
1.382007253e+01
1.384507642e+01
1.387013793e+01
1.389525809e+01
1.392043788e+01
1.394567824e+01
1.397098006e+01
1.399634418e+01
1.402177144e+01
1.404726261e+01
1.407281843e+01
1.409843960e+01
1.412412679e+01
1.414988064e+01
1.417570173e+01
1.420159064e+01
1.422754789e+01
1.425357397e+01
1.427966937e+01
1.430583450e+01
1.433206977e+01
1.435837556e+01
1.438475220e+01
1.441120002e+01
1.443771930e+01
1.446431029e+01
1.449097323e+01
1.451770834e+01
1.454451577e+01
1.457139569e+01
1.459834823e+01
1.462537349e+01
1.465247155e+01
1.467964247e+01
1.470688628e+01
1.473420300e+01
1.476159261e+01
1.478905508e+01
1.481659037e+01
1.484419839e+01
1.487187905e+01
1.489963224e+01
1.492745784e+01
1.495535567e+01
1.498332559e+01
1.501136739e+01
1.503948088e+01
1.506766582e+01
1.509592199e+01
1.512424911e+01
1.515264693e+01
1.518111515e+01
1.520965346e+01
1.523826155e+01
1.526693908e+01
1.529568570e+01
1.532450105e+01
1.535338475e+01
1.538233640e+01
1.541135561e+01
1.544044195e+01
1.546959499e+01
1.549881429e+01
1.552809939e+01
1.555744982e+01
1.558686510e+01
1.561634475e+01
1.564588824e+01
1.567549508e+01
1.570516473e+01
1.573489665e+01
1.576469031e+01
1.579454514e+01
1.582446057e+01
1.585443603e+01
1.588447093e+01
1.591456466e+01
1.594471664e+01
1.597492625e+01
1.600519284e+01
1.603551582e+01
1.606589450e+01
1.609632825e+01
1.612681642e+01
1.615735835e+01
1.618795335e+01
1.621860072e+01
1.624929982e+01
1.628004992e+01
1.631085031e+01
1.634170032e+01
1.637259920e+01
1.640354622e+01
1.643454064e+01
1.646558178e+01
1.649666882e+01
1.652780105e+01
1.655897770e+01
1.659019803e+01
1.662146125e+01
1.665276658e+01
1.668411323e+01
1.671550046e+01
1.674692742e+01
1.677839336e+01
1.680989745e+01
1.684143891e+01
1.687301687e+01
1.690463059e+01
1.693627915e+01
1.696796183e+01
1.699967772e+01
1.703142605e+01
1.706320588e+01
1.709501645e+01
1.712685689e+01
1.715872635e+01
1.719062393e+01
1.722254880e+01
1.725450011e+01
1.728647697e+01
1.731847847e+01
1.735050379e+01
1.738255204e+01
1.741462232e+01
1.744671373e+01
1.747882538e+01
1.751095641e+01
1.754310587e+01
1.757527291e+01
1.760745659e+01
1.763965600e+01
1.767187024e+01
1.770409839e+01
1.773633956e+01
1.776859279e+01
1.780085719e+01
1.783313179e+01
1.786541573e+01
1.789770801e+01
1.793000772e+01
1.796231396e+01
1.799462574e+01
1.802694215e+01
1.805926222e+01
1.809158504e+01
1.812390964e+01
1.815623508e+01
1.818856040e+01
1.822088467e+01
1.825320689e+01
1.828552614e+01
1.831784145e+01
1.835015184e+01
1.838245637e+01
1.841475407e+01
1.844704396e+01
1.847932510e+01
1.851159650e+01
1.854385720e+01
1.857610620e+01
1.860834254e+01
1.864056527e+01
1.867277336e+01
1.870496588e+01
1.873714185e+01
1.876930025e+01
1.880144010e+01
1.883356046e+01
1.886566031e+01
1.889773867e+01
1.892979459e+01
1.896182702e+01
1.899383502e+01
1.902581756e+01
1.905777370e+01
1.908970238e+01
1.912160270e+01
1.915347357e+01
1.918531405e+01
1.921712314e+01
1.924889985e+01
1.928064316e+01
1.931235212e+01
1.934402569e+01
1.937566289e+01
1.940726269e+01
1.943882415e+01
1.947034623e+01
1.950182796e+01
1.953326831e+01
1.956466630e+01
1.959602096e+01
1.962733121e+01
1.965859611e+01
1.968981467e+01
1.972098585e+01
1.975210869e+01
1.978318217e+01
1.981420526e+01
1.984517703e+01
1.987609641e+01
1.990696245e+01
1.993777414e+01
1.996853046e+01
1.999923044e+01
2.002987305e+01
2.006045730e+01
2.009098223e+01
2.012144683e+01
2.015185004e+01
2.018219095e+01
2.021246852e+01
2.024268176e+01
2.027282967e+01
2.030291128e+01
2.033292557e+01
2.036287157e+01
2.039274827e+01
2.042255469e+01
2.045228983e+01
2.048195273e+01
2.051154238e+01
2.054105778e+01
2.057049794e+01
2.059986191e+01
2.062914870e+01
2.065835731e+01
2.068748676e+01
2.071653608e+01
2.074550428e+01
2.077439039e+01
2.080319341e+01
2.083191242e+01
2.086054640e+01
2.088909439e+01
2.091755540e+01
2.094592850e+01
2.097421268e+01
2.100240703e+01
2.103051049e+01
2.105852220e+01
2.108644114e+01
2.111426637e+01
2.114199692e+01
2.116963184e+01
2.119717017e+01
2.122461100e+01
2.125195331e+01
2.127919619e+01
2.130633868e+01
2.133337988e+01
2.136031878e+01
2.138715450e+01
2.141388606e+01
2.144051254e+01
2.146703300e+01
2.149344651e+01
2.151975215e+01
2.154594902e+01
2.157203614e+01
2.159801261e+01
2.162387754e+01
2.164962998e+01
2.167526903e+01
2.170079378e+01
2.172620332e+01
2.175149672e+01
2.177667313e+01
2.180173160e+01
2.182667129e+01
2.185149122e+01
2.187619058e+01
2.190076846e+01
2.192522394e+01
2.194955620e+01
2.197376430e+01
2.199784740e+01
2.202180462e+01
2.204563511e+01
2.206933796e+01
2.209291234e+01
2.211635739e+01
2.213967224e+01
2.216285607e+01
2.218590799e+01
2.220882720e+01
2.223161281e+01
2.225426403e+01
2.227677999e+01
2.229915989e+01
2.232140287e+01
2.234350815e+01
2.236547490e+01
2.238730227e+01
2.240898948e+01
2.243053573e+01
2.245194022e+01
2.247320213e+01
2.249432069e+01
2.251529510e+01
2.253612455e+01
2.255680830e+01
2.257734557e+01
2.259773558e+01
2.261797756e+01
2.263807074e+01
2.265801440e+01
2.267780775e+01
2.269745004e+01
2.271694052e+01
2.273627849e+01
2.275546321e+01
2.277449390e+01
2.279336989e+01
2.281209046e+01
2.283065484e+01
2.284906239e+01
2.286731237e+01
2.288540406e+01
2.290333683e+01
2.292110993e+01
2.293872270e+01
2.295617447e+01
2.297346458e+01
2.299059232e+01
2.300755706e+01
2.302435814e+01
2.304099490e+01
2.305746670e+01
2.307377290e+01
2.308991288e+01
2.310588597e+01
2.312169161e+01
2.313732917e+01
2.315279798e+01
2.316809749e+01
2.318322712e+01
2.319818621e+01
2.321297425e+01
2.322759060e+01
2.324203470e+01
2.325630602e+01
2.327040396e+01
2.328432794e+01
2.329807746e+01
2.331165197e+01
2.332505091e+01
2.333827381e+01
2.335132004e+01
2.336418920e+01
2.337688069e+01
2.338939404e+01
2.340172877e+01
2.341388437e+01
2.342586034e+01
2.343765624e+01
2.344927157e+01
2.346070590e+01
2.347195873e+01
2.348302963e+01
2.349391819e+01
2.350462390e+01
2.351514642e+01
2.352548526e+01
2.353564000e+01
2.354561030e+01
2.355539569e+01
2.356499581e+01
2.357441025e+01
2.358363867e+01
2.359268068e+01
2.360153591e+01
2.361020399e+01
2.361868459e+01
2.362697738e+01
2.363508198e+01
2.364299813e+01
2.365072542e+01
2.365826360e+01
2.366561235e+01
2.367277138e+01
2.367974037e+01
2.368651906e+01
2.369310718e+01
2.369950448e+01
2.370571063e+01
2.371172545e+01
2.371754865e+01
2.372318003e+01
2.372861933e+01
2.373386632e+01
2.373892081e+01
2.374378262e+01
2.374845149e+01
2.375292727e+01
2.375720976e+01
2.376129879e+01
2.376519420e+01
2.376889583e+01
2.377240351e+01
2.377571712e+01
2.377883652e+01
2.378176156e+01
2.378449215e+01
2.378702818e+01
2.378936950e+01
2.379151608e+01
2.379346776e+01
2.379522452e+01
2.379678625e+01
2.379815291e+01
2.379932446e+01
2.380030081e+01
2.380108195e+01
2.380166781e+01
2.380205842e+01
2.380225371e+01
2.380225371e+01
2.380205840e+01
2.380166782e+01
2.380108192e+01
2.380030083e+01
2.379932444e+01
2.379815293e+01
2.379678626e+01
2.379522454e+01
2.379346775e+01
2.379151605e+01
2.378936950e+01
2.378702817e+01
2.378449215e+01
2.378176156e+01
2.377883650e+01
2.377571714e+01
2.377240351e+01
2.376889582e+01
2.376519420e+01
2.376129879e+01
2.375720977e+01
2.375292726e+01
2.374845149e+01
2.374378260e+01
2.373892083e+01
2.373386632e+01
2.372861932e+01
2.372318001e+01
2.371754866e+01
2.371172546e+01
2.370571065e+01
2.369950448e+01
2.369310720e+01
2.368651907e+01
2.367974039e+01
2.367277139e+01
2.366561235e+01
2.365826360e+01
2.365072543e+01
2.364299810e+01
2.363508198e+01
2.362697739e+01
2.361868461e+01
2.361020400e+01
2.360153591e+01
2.359268068e+01
2.358363868e+01
2.357441026e+01
2.356499581e+01
2.355539569e+01
2.354561027e+01
2.353564002e+01
2.352548524e+01
2.351514641e+01
2.350462391e+01
2.349391819e+01
2.348302964e+01
2.347195874e+01
2.346070591e+01
2.344927158e+01
2.343765626e+01
2.342586035e+01
2.341388437e+01
2.340172877e+01
2.338939405e+01
2.337688069e+01
2.336418918e+01
2.335132006e+01
2.333827379e+01
2.332505092e+01
2.331165198e+01
2.329807745e+01
2.328432793e+01
2.327040396e+01
2.325630600e+01
2.324203471e+01
2.322759062e+01
2.321297425e+01
2.319818623e+01
2.318322712e+01
2.316809751e+01
2.315279799e+01
2.313732918e+01
2.312169162e+01
2.310588599e+01
2.308991288e+01
2.307377290e+01
2.305746670e+01
2.304099490e+01
2.302435815e+01
2.300755707e+01
2.299059231e+01
2.297346457e+01
2.295617447e+01
2.293872272e+01
2.292110993e+01
2.290333682e+01
2.288540409e+01
2.286731236e+01
2.284906240e+01
2.283065485e+01
2.281209044e+01
2.279336990e+01
2.277449391e+01
2.275546320e+01
2.273627851e+01
2.271694053e+01
2.269745003e+01
2.267780774e+01
2.265801439e+01
2.263807076e+01
2.261797757e+01
2.259773558e+01
2.257734558e+01
2.255680830e+01
2.253612456e+01
2.251529509e+01
2.249432067e+01
2.247320214e+01
2.245194023e+01
2.243053573e+01
2.240898950e+01
2.238730228e+01
2.236547488e+01
2.234350816e+01
2.232140287e+01
2.229915989e+01
2.227678001e+01
2.225426403e+01
2.223161285e+01
2.220882719e+01
2.218590802e+01
2.216285608e+01
2.213967227e+01
2.211635740e+01
2.209291236e+01
2.206933797e+01
2.204563511e+01
2.202180464e+01
2.199784742e+01
2.197376432e+01
2.194955619e+01
2.192522397e+01
2.190076847e+01
2.187619060e+01
2.185149125e+01
2.182667129e+01
2.180173163e+01
2.177667314e+01
2.175149673e+01
2.172620332e+01
2.170079377e+01
2.167526904e+01
2.164962998e+01
2.162387755e+01
2.159801264e+01
2.157203613e+01
2.154594901e+01
2.151975218e+01
2.149344653e+01
2.146703300e+01
2.144051253e+01
2.141388606e+01
2.138715449e+01
2.136031880e+01
2.133337989e+01
2.130633870e+01
2.127919621e+01
2.125195332e+01
2.122461099e+01
2.119717019e+01
2.116963186e+01
2.114199691e+01
2.111426639e+01
2.108644114e+01
2.105852221e+01
2.103051050e+01
2.100240701e+01
2.097421269e+01
2.094592851e+01
2.091755541e+01
2.088909439e+01
2.086054641e+01
2.083191244e+01
2.080319344e+01
2.077439040e+01
2.074550430e+01
2.071653608e+01
2.068748677e+01
2.065835732e+01
2.062914871e+01
2.059986192e+01
2.057049796e+01
2.054105777e+01
2.051154238e+01
2.048195274e+01
2.045228984e+01
2.042255469e+01
2.039274828e+01
2.036287158e+01
2.033292559e+01
2.030291129e+01
2.027282968e+01
2.024268177e+01
2.021246852e+01
2.018219096e+01
2.015185007e+01
2.012144683e+01
2.009098225e+01
2.006045732e+01
2.002987306e+01
1.999923045e+01
1.996853046e+01
1.993777413e+01
1.990696245e+01
1.987609643e+01
1.984517705e+01
1.981420528e+01
1.978318217e+01
1.975210871e+01
1.972098586e+01
1.968981469e+01
1.965859614e+01
1.962733125e+01
1.959602096e+01
1.956466632e+01
1.953326832e+01
1.950182797e+01
1.947034624e+01
1.943882415e+01
1.940726271e+01
1.937566288e+01
1.934402569e+01
1.931235214e+01
1.928064318e+01
1.924889985e+01
1.921712316e+01
1.918531405e+01
1.915347357e+01
1.912160270e+01
1.908970241e+01
1.905777371e+01
1.902581757e+01
1.899383502e+01
1.896182703e+01
1.892979462e+01
1.889773871e+01
1.886566034e+01
1.883356048e+01
1.880144014e+01
1.876930025e+01
1.873714185e+01
1.870496590e+01
1.867277337e+01
1.864056528e+01
1.860834255e+01
1.857610621e+01
1.854385720e+01
1.851159651e+01
1.847932512e+01
1.844704400e+01
1.841475410e+01
1.838245636e+01
1.835015182e+01
1.831784146e+01
1.828552615e+01
1.825320691e+01
1.822088469e+01
1.818856041e+01
1.815623510e+01
1.812390965e+01
1.809158506e+01
1.805926222e+01
1.802694216e+01
1.799462575e+01
1.796231396e+01
1.793000774e+01
1.789770803e+01
1.786541573e+01
1.783313181e+01
1.780085719e+01
1.776859280e+01
1.773633960e+01
1.770409841e+01
1.767187026e+01
1.763965602e+01
1.760745659e+01
1.757527293e+01
1.754310588e+01
1.751095641e+01
1.747882540e+01
1.744671374e+01
1.741462234e+01
1.738255205e+01
1.735050381e+01
1.731847849e+01
1.728647697e+01
1.725450012e+01
1.722254883e+01
1.719062394e+01
1.715872637e+01
1.712685692e+01
1.709501648e+01
1.706320591e+01
1.703142606e+01
1.699967775e+01
1.696796185e+01
1.693627919e+01
1.690463059e+01
1.687301690e+01
1.684143891e+01
1.680989747e+01
1.677839339e+01
1.674692744e+01
1.671550046e+01
1.668411326e+01
1.665276658e+01
1.662146127e+01
1.659019805e+01
1.655897772e+01
1.652780107e+01
1.649666883e+01
1.646558177e+01
1.643454067e+01
1.640354624e+01
1.637259921e+01
1.634170034e+01
1.631085033e+01
1.628004996e+01
1.624929985e+01
1.621860075e+01
1.618795336e+01
1.615735836e+01
1.612681643e+01
1.609632826e+01
1.606589450e+01
1.603551582e+01
1.600519286e+01
1.597492626e+01
1.594471667e+01
1.591456469e+01
1.588447095e+01
1.585443605e+01
1.582446059e+01
1.579454516e+01
1.576469033e+01
1.573489667e+01
1.570516475e+01
1.567549509e+01
1.564588826e+01
1.561634477e+01
1.558686512e+01
1.555744984e+01
1.552809941e+01
1.549881431e+01
1.546959501e+01
1.544044197e+01
1.541135563e+01
1.538233642e+01
1.535338477e+01
1.532450107e+01
1.529568572e+01
1.526693910e+01
1.523826157e+01
1.520965348e+01
1.518111517e+01
1.515264695e+01
1.512424914e+01
1.509592201e+01
1.506766584e+01
1.503948090e+01
1.501136741e+01
1.498332561e+01
1.495535569e+01
1.492745786e+01
1.489963227e+01
1.487187907e+01
1.484419841e+01
1.481659038e+01
1.478905510e+01
1.476159263e+01
1.473420302e+01
1.470688630e+01
1.467964249e+01
1.465247157e+01
1.462537350e+01
1.459834825e+01
1.457139571e+01
1.454451579e+01
1.451770836e+01
1.449097325e+01
1.446431031e+01
1.443771932e+01
1.441120004e+01
1.438475223e+01
1.435837558e+01
1.433206980e+01
1.430583452e+01
1.427966939e+01
1.425357400e+01
1.422754791e+01
1.420159067e+01
1.417570176e+01
1.414988067e+01
1.412412682e+01
1.409843963e+01
1.407281846e+01
1.404726264e+01
1.402177147e+01
1.399634421e+01
1.397098008e+01
1.394567826e+01
1.392043790e+01
1.389525812e+01
1.387013795e+01
1.384507644e+01
1.382007255e+01
1.379512523e+01
1.377023337e+01
1.374539581e+01
1.372061135e+01
1.369587875e+01
1.367119671e+01
1.364656390e+01
1.362197891e+01
1.359744031e+01
1.357294659e+01
1.354849621e+01
1.352408757e+01
1.349971902e+01
1.347538884e+01
1.345109526e+01
1.342683645e+01
1.340261054e+01
1.337841557e+01
1.335424954e+01
1.333011040e+01
1.330599599e+01
1.328190413e+01
1.325783256e+01
1.323377896e+01
1.320974093e+01
1.318571601e+01
1.316170167e+01
1.313769531e+01
1.311369424e+01
1.308969575e+01
1.306569697e+01
1.304169504e+01
1.301768697e+01
1.299366971e+01
1.296964014e+01
1.294559504e+01
1.292153113e+01
1.289744505e+01
1.287333332e+01
1.284919242e+01
1.282501873e+01
1.280080853e+01
1.277655805e+01
1.275226339e+01
1.272792058e+01
1.270352555e+01
1.267907416e+01
1.265456215e+01
1.262998520e+01
1.260533887e+01
1.258061862e+01
1.255581985e+01
1.253093786e+01
1.250596778e+01
1.248090473e+01
1.245574372e+01
1.243047962e+01
1.240510723e+01
1.237962127e+01
1.235401629e+01
1.232828685e+01
1.230242732e+01
1.227643198e+01
1.225029510e+01
1.222401072e+01
1.219757289e+01
1.217097550e+01
1.214421234e+01
1.211727717e+01
1.209016358e+01
1.206286509e+01
1.203537515e+01
1.200768708e+01
1.197979412e+01
1.195168944e+01
1.192336609e+01
1.189481704e+01
1.186603521e+01
1.183701339e+01
1.180774432e+01
1.177822062e+01
1.174843489e+01
