1.866129543e+01
1.865259565e+01
1.864728008e+01
1.864388212e+01
1.864179357e+01
1.864068803e+01
1.864036489e+01
1.864068995e+01
1.864156804e+01
1.864292874e+01
1.864471825e+01
1.864689447e+01
1.864942383e+01
1.865227912e+01
1.865543809e+01
1.865888233e+01
1.866259659e+01
1.866656812e+01
1.867078631e+01
1.867524229e+01
1.867992874e+01
1.868483960e+01
1.868996995e+01
1.869531586e+01
1.870087427e+01
1.870664291e+01
1.871262019e+01
1.871880515e+01
1.872519741e+01
1.873179710e+01
1.873860481e+01
1.874562159e+01
1.875284886e+01
1.876028840e+01
1.876794233e+01
1.877581306e+01
1.878390331e+01
1.879221600e+01
1.880075433e+01
1.880952166e+01
1.881852158e+01
1.882775780e+01
1.883723420e+01
1.884695477e+01
1.885692363e+01
1.886714494e+01
1.887762296e+01
1.888836199e+01
1.889936634e+01
1.891064035e+01
1.892218834e+01
1.893401460e+01
1.894612337e+01
1.895851883e+01
1.897120506e+01
1.898418606e+01
1.899746569e+01
1.901104766e+01
1.902493554e+01
1.903913270e+01
1.905364235e+01
1.906846743e+01
1.908361069e+01
1.909907462e+01
1.911486141e+01
1.913097300e+01
1.914741101e+01
1.916417674e+01
1.918127115e+01
1.919869483e+01
1.921644803e+01
1.923453060e+01
1.925294197e+01
1.927168119e+01
1.929074684e+01
1.931013709e+01
1.932984964e+01
1.934988173e+01
1.937023011e+01
1.939089105e+01
1.941186032e+01
1.943313319e+01
1.945470440e+01
1.947656817e+01
1.949871822e+01
1.952114772e+01
1.954384930e+01
1.956681505e+01
1.959003655e+01
1.961350482e+01
1.963721034e+01
1.966114308e+01
1.968529245e+01
1.970964736e+01
1.973419620e+01
1.975892683e+01
1.978382662e+01
1.980888247e+01
1.983408079e+01
1.985940750e+01
1.988484811e+01
1.991038769e+01
1.993601088e+01
1.996170194e+01
1.998744474e+01
2.001322283e+01
2.003901939e+01
2.006481734e+01
2.009059929e+01
2.011634762e+01
2.014204447e+01
2.016767183e+01
2.019321148e+01
2.021864511e+01
2.024395430e+01
2.026912058e+01
2.029412544e+01
2.031895040e+01
2.034357702e+01
2.036798695e+01
2.039216195e+01
2.041608397e+01
2.043973514e+01
2.046309783e+01
2.048615472e+01
2.050888877e+01
2.053128333e+01
2.055332214e+01
2.057498938e+01
2.059626970e+01
2.061714828e+01
2.063761086e+01
2.065764375e+01
2.067723390e+01
2.069636895e+01
2.071503719e+01
2.073322768e+01
2.075093025e+01
2.076813550e+01
2.078483486e+01
2.080102065e+01
2.081668602e+01
2.083182506e+01
2.084643276e+01
2.086050508e+01
2.087403894e+01
2.088703223e+01
2.089948384e+01
2.091139367e+01
2.092276264e+01
2.093359266e+01
2.094388671e+01
2.095364876e+01
2.096288383e+01
2.097159795e+01
2.097979815e+01
2.098749248e+01
2.099468997e+01
2.100140063e+01
2.100763545e+01
2.101340632e+01
2.101872605e+01
2.102360837e+01
2.102806781e+01
2.103211978e+01
2.103578045e+01
2.103906679e+01
2.104199642e+01
2.104458767e+01
2.104685955e+01
2.104883156e+01
2.105052383e+01
2.105195695e+01
2.105315195e+01
2.105413023e+01
2.105491353e+01
2.105552395e+01
2.105598370e+01
2.105631522e+01
2.105654107e+01
2.105668387e+01
2.105676618e+01
2.105681056e+01
2.105683941e+01
2.105687501e+01
2.105693930e+01
2.105705408e+01
2.105724066e+01
2.105752007e+01
2.105791274e+01
2.105843877e+01
2.105911748e+01
2.105996789e+01
2.106100805e+01
2.106225555e+01
2.106372701e+01
2.106543853e+01
2.106740519e+01
2.106964136e+01
2.107216031e+01
2.107497464e+01
2.107809590e+01
2.108153466e+01
2.108530044e+01
2.108940195e+01
2.109384676e+01
2.109864139e+01
2.110379137e+01
2.110930115e+01
2.111517426e+01
2.112141305e+01
2.112801899e+01
2.113499240e+01
2.114233264e+01
2.115003810e+01
2.115810625e+01
2.116653357e+01
2.117531553e+01
2.118444693e+01
2.119392144e+01
2.120373220e+01
2.121387124e+01
2.122433010e+01
2.123509957e+01
2.124616962e+01
2.125752974e+01
2.126916875e+01
2.128107509e+01
2.129323657e+01
2.130564060e+01
2.131827424e+01
2.133112426e+01
2.134417695e+01
2.135741864e+01
2.137083534e+01
2.138441286e+01
2.139813711e+01
2.141199388e+01
2.142596892e+01
2.144004824e+01
2.145421777e+01
2.146846372e+01
2.148277239e+01
2.149713041e+01
2.151152483e+01
2.152594271e+01
2.154037180e+01
2.155480016e+01
2.156921606e+01
2.158360840e+01
2.159796677e+01
2.161228087e+01
2.162654123e+01
2.164073892e+01
2.165486525e+01
2.166891261e+01
2.168287352e+01
2.169674157e+01
2.171051028e+01
2.172417480e+01
2.173772966e+01
2.175117102e+01
2.176449511e+01
2.177769900e+01
2.179078015e+01
2.180373683e+01
2.181656759e+01
2.182927172e+01
2.184184886e+01
2.185429951e+01
2.186662430e+01
2.187882453e+01
2.189090170e+01
2.190285808e+01
2.191469629e+01
2.192641865e+01
2.193802868e+01
2.194953000e+01
2.196092599e+01
2.197222094e+01
2.198341900e+01
2.199452431e+01
2.200554196e+01
2.201647616e+01
2.202733200e+01
2.203811425e+01
2.204882784e+01
2.205947773e+01
2.207006874e+01
2.208060586e+01
2.209109412e+01
2.210153820e+01
2.211194239e+01
2.212231184e+01
2.213265062e+01
2.214296317e+01
2.215325333e+01
2.216352539e+01
2.217378279e+01
2.218402913e+01
2.219426772e+01
2.220450159e+01
2.221473357e+01
2.222496643e+01
2.223520242e+01
2.224544352e+01
2.225569144e+01
2.226594825e+01
2.227621519e+01
2.228649321e+01
2.229678330e+01
2.230708620e+01
2.231740216e+01
2.232773160e+01
2.233807417e+01
2.234843029e+01
2.235879908e+01
2.236918005e+01
2.237957231e+01
2.238997530e+01
2.240038745e+01
2.241080829e+01
2.242123539e+01
2.243166838e+01
2.244210500e+01
2.245254386e+01
2.246298319e+01
2.247342111e+01
2.248385577e+01
2.249428567e+01
2.250470813e+01
2.251512157e+01
2.252552389e+01
2.253591358e+01
2.254628790e+01
2.255664551e+01
2.256698408e+01
2.257730172e+01
2.258759662e+01
2.259786682e+01
2.260811068e+01
2.261832675e+01
2.262851284e+01
2.263866736e+01
2.264878928e+01
2.265887660e+01
2.266892805e+01
2.267894241e+01
2.268891837e+01
2.269885442e+01
2.270875015e+01
2.271860370e+01
2.272841502e+01
2.273818202e+01
2.274790506e+01
2.275758287e+01
2.276721440e+01
2.277680000e+01
2.278633798e+01
2.279582849e+01
2.280527112e+01
2.281466529e+01
2.282401041e+01
2.283330653e+01
2.284255307e+01
2.285175002e+01
2.286089739e+01
2.286999439e+01
2.287904146e+01
2.288803782e+01
2.289698415e+01
2.290587955e+01
2.291472467e+01
2.292351861e+01
2.293226202e+01
2.294095468e+01
2.294959595e+01
2.295818617e+01
2.296672532e+01
2.297521358e+01
2.298365006e+01
2.299203506e+01
2.300036856e+01
2.300864989e+01
2.301687945e+01
2.302505707e+01
2.303318218e+01
2.304125486e+01
2.304927467e+01
2.305724171e+01
2.306515543e+01
2.307301543e+01
2.308082119e+01
2.308857312e+01
2.309627081e+01
2.310391293e+01
2.311150006e+01
2.311903214e+01
2.312650719e+01
2.313392664e+01
2.314128905e+01
2.314859384e+01
2.315584148e+01
2.316303054e+01
2.317016109e+01
2.317723266e+01
2.318424523e+01
2.319119717e+01
2.319808908e+01
2.320491997e+01
2.321168945e+01
2.321839710e+01
2.322504241e+01
2.323162502e+01
2.323814394e+01
2.324459989e+01
2.325099191e+01
2.325731856e+01
2.326358026e+01
2.326977713e+01
2.327590747e+01
2.328197214e+01
2.328796956e+01
2.329389981e+01
2.329976295e+01
2.330555822e+01
2.331128416e+01
2.331694164e+01
2.332253037e+01
2.332804927e+01
2.333349933e+01
2.333887780e+01
2.334418682e+01
2.334942417e+01
2.335459038e+01
2.335968549e+01
2.336470831e+01
2.336965878e+01
2.337453696e+01
2.337934187e+01
2.338407435e+01
2.338873304e+01
2.339331773e+01
2.339782905e+01
2.340226517e+01
2.340662771e+01
2.341091497e+01
2.341512635e+01
2.341926347e+01
2.342332421e+01
2.342730928e+01
2.343121764e+01
2.343505052e+01
2.343880676e+01
2.344248622e+01
2.344608834e+01
2.344961364e+01
2.345306219e+01
2.345643256e+01
2.345972686e+01
2.346294227e+01
2.346608080e+01
2.346914163e+01
2.347212534e+01
2.347503073e+01
2.347785907e+01
2.348061014e+01
2.348328454e+01
2.348588048e+01
2.348840047e+01
2.349084290e+01
2.349320918e+01
2.349549805e+01
2.349770969e+01
2.349984441e+01
2.350190285e+01
2.350388301e+01
2.350578471e+01
2.350760754e+01
2.350934993e+01
2.351101085e+01
2.351258814e+01
2.351407938e+01
2.351548209e+01
2.351679353e+01
2.351800907e+01
2.351912534e+01
2.352013874e+01
2.352104276e+01
2.352183583e+01
2.352251212e+01
2.352307208e+01
2.352351388e+01
2.352384326e+01
2.352406940e+01
2.352420822e+01
2.352428836e+01
2.352435128e+01
2.352446073e+01
2.352470354e+01
2.352470335e+01
2.352446007e+01
2.352435166e+01
2.352428749e+01
2.352420899e+01
2.352406867e+01
2.352384388e+01
2.352351442e+01
2.352307265e+01
2.352251208e+01
2.352183495e+01
2.352104268e+01
2.352013828e+01
2.351912563e+01
2.351800918e+01
2.351679308e+01
2.351548290e+01
2.351407928e+01
2.351258782e+01
2.351101091e+01
2.350935001e+01
2.350760782e+01
2.350578450e+01
2.350388276e+01
2.350190240e+01
2.349984502e+01
2.349770958e+01
2.349549793e+01
2.349320835e+01
2.349084305e+01
2.348840068e+01
2.348588118e+01
2.348328433e+01
2.348061049e+01
2.347785912e+01
2.347503119e+01
2.347212540e+01
2.346914141e+01
2.346608070e+01
2.346294253e+01
2.345972608e+01
2.345643261e+01
2.345306220e+01
2.344961393e+01
2.344608855e+01
2.344248609e+01
2.343880653e+01
2.343505064e+01
2.343121787e+01
2.342730937e+01
2.342332423e+01
2.341926278e+01
2.341512705e+01
2.341091432e+01
2.340662755e+01
2.340226539e+01
2.339782905e+01
2.339331778e+01
2.338873308e+01
2.338407448e+01
2.337934216e+01
2.337453719e+01
2.336965891e+01
2.336470828e+01
2.335968527e+01
2.335459052e+01
2.334942431e+01
2.334418638e+01
2.333887818e+01
2.333349886e+01
2.332804946e+01
2.332253060e+01
2.331694138e+01
2.331128384e+01
2.330555801e+01
2.329976256e+01
2.329390003e+01
2.328796996e+01
2.328197196e+01
2.327590764e+01
2.326977714e+01
2.326358048e+01
2.325731845e+01
2.325099211e+01
2.324459995e+01
2.323814432e+01
2.323162501e+01
2.322504233e+01
2.321839699e+01
2.321168939e+01
2.320492008e+01
2.319808923e+01
2.319119699e+01
2.318424482e+01
2.317723267e+01
2.317016152e+01
2.316303063e+01
2.315584117e+01
2.314859422e+01
2.314128887e+01
2.313392682e+01
2.312650744e+01
2.311903170e+01
2.311150027e+01
2.310391298e+01
2.309627054e+01
2.308857332e+01
2.308082130e+01
2.307301514e+01
2.306515533e+01
2.305724156e+01
2.304927502e+01
2.304125496e+01
2.303318227e+01
2.302505711e+01
2.301687942e+01
2.300865001e+01
2.300036836e+01
2.299203475e+01
2.298365012e+01
2.297521364e+01
2.296672536e+01
2.295818641e+01
2.294959605e+01
2.294095433e+01
2.293226208e+01
2.292351844e+01
2.291472444e+01
2.290587978e+01
2.289698397e+01
2.288803829e+01
2.287904120e+01
2.286999457e+01
2.286089730e+01
2.285175035e+01
2.284255321e+01
2.283330654e+01
2.282401044e+01
2.281466516e+01
2.280527120e+01
2.279582864e+01
2.278633818e+01
2.277679971e+01
2.276721465e+01
2.275758290e+01
2.274790508e+01
2.273818229e+01
2.272841488e+01
2.271860395e+01
2.270875013e+01
2.269885437e+01
2.268891835e+01
2.267894224e+01
2.266892811e+01
2.265887651e+01
2.264878926e+01
2.263866766e+01
2.262851266e+01
2.261832663e+01
2.260811095e+01
2.259786700e+01
2.258759644e+01
2.257730153e+01
2.256698398e+01
2.255664534e+01
2.254628807e+01
2.253591362e+01
2.252552406e+01
2.251512175e+01
2.250470812e+01
2.249428549e+01
2.248385594e+01
2.247342125e+01
2.246298305e+01
2.245254411e+01
2.244210491e+01
2.243166834e+01
2.242123537e+01
2.241080808e+01
2.240038753e+01
2.238997533e+01
2.237957233e+01
2.236918003e+01
2.235879907e+01
2.234843040e+01
2.233807438e+01
2.232773164e+01
2.231740231e+01
2.230708615e+01
2.229678330e+01
2.228649327e+01
2.227621517e+01
2.226594820e+01
2.225569156e+01
2.224544331e+01
2.223520242e+01
2.222496650e+01
2.221473365e+01
2.220450158e+01
2.219426772e+01
2.218402920e+01
2.217378289e+01
2.216352541e+01
2.215325337e+01
2.214296318e+01
2.213265058e+01
2.212231181e+01
2.211194255e+01
2.210153817e+01
2.209109416e+01
2.208060596e+01
2.207006881e+01
2.205947775e+01
2.204882776e+01
2.203811419e+01
2.202733193e+01
2.201647619e+01
2.200554202e+01
2.199452443e+01
2.198341893e+01
2.197222101e+01
2.196092599e+01
2.194953004e+01
2.193802883e+01
2.192641883e+01
2.191469627e+01
2.190285821e+01
2.189090175e+01
2.187882451e+01
2.186662427e+01
2.185429948e+01
2.184184890e+01
2.182927164e+01
2.181656759e+01
2.180373690e+01
2.179078018e+01
2.177769897e+01
2.176449519e+01
2.175117097e+01
2.173772961e+01
2.172417476e+01
2.171051040e+01
2.169674154e+01
2.168287356e+01
2.166891258e+01
2.165486529e+01
2.164073900e+01
2.162654134e+01
2.161228095e+01
2.159796682e+01
2.158360853e+01
2.156921605e+01
2.155480016e+01
2.154037185e+01
2.152594272e+01
2.151152484e+01
2.149713041e+01
2.148277238e+01
2.146846371e+01
2.145421779e+01
2.144004830e+01
2.142596904e+01
2.141199397e+01
2.139813707e+01
2.138441279e+01
2.137083535e+01
2.135741868e+01
2.134417700e+01
2.133112430e+01
2.131827424e+01
2.130564064e+01
2.129323658e+01
2.128107516e+01
2.126916874e+01
2.125752977e+01
2.124616962e+01
2.123509957e+01
2.122433014e+01
2.121387128e+01
2.120373217e+01
2.119392148e+01
2.118444692e+01
2.117531556e+01
2.116653364e+01
2.115810628e+01
2.115003814e+01
2.114233266e+01
2.113499240e+01
2.112801904e+01
2.112141306e+01
2.111517425e+01
2.110930118e+01
2.110379138e+01
2.109864143e+01
2.109384678e+01
2.108940199e+01
2.108530048e+01
2.108153466e+01
2.107809593e+01
2.107497469e+01
2.107216034e+01
2.106964139e+01
2.106740526e+01
2.106543858e+01
2.106372707e+01
2.106225559e+01
2.106100810e+01
2.105996794e+01
2.105911755e+01
2.105843878e+01
2.105791279e+01
2.105752009e+01
2.105724071e+01
2.105705414e+01
2.105693935e+01
2.105687502e+01
2.105683946e+01
2.105681058e+01
2.105676623e+01
2.105668391e+01
2.105654112e+01
2.105631527e+01
2.105598373e+01
2.105552397e+01
2.105491359e+01
2.105413027e+01
2.105315199e+01
2.105195701e+01
2.105052387e+01
2.104883163e+01
2.104685959e+01
2.104458772e+01
2.104199646e+01
2.103906683e+01
2.103578049e+01
2.103211981e+01
2.102806784e+01
2.102360840e+01
2.101872609e+01
2.101340636e+01
2.100763550e+01
2.100140068e+01
2.099469001e+01
2.098749252e+01
2.097979819e+01
2.097159799e+01
2.096288388e+01
2.095364881e+01
2.094388675e+01
2.093359270e+01
2.092276268e+01
2.091139371e+01
2.089948388e+01
2.088703227e+01
2.087403899e+01
2.086050512e+01
2.084643280e+01
2.083182510e+01
2.081668606e+01
2.080102069e+01
2.078483490e+01
2.076813553e+01
2.075093029e+01
2.073322772e+01
2.071503722e+01
2.069636898e+01
2.067723394e+01
2.065764378e+01
2.063761089e+01
2.061714832e+01
2.059626973e+01
2.057498941e+01
2.055332217e+01
2.053128336e+01
2.050888880e+01
2.048615475e+01
2.046309786e+01
2.043973516e+01
2.041608399e+01
2.039216197e+01
2.036798697e+01
2.034357704e+01
2.031895042e+01
2.029412546e+01
2.026912060e+01
2.024395433e+01
2.021864513e+01
2.019321150e+01
2.016767185e+01
2.014204449e+01
2.011634763e+01
2.009059930e+01
2.006481735e+01
2.003901941e+01
2.001322284e+01
1.998744476e+01
1.996170195e+01
1.993601089e+01
1.991038770e+01
1.988484813e+01
1.985940751e+01
1.983408080e+01
1.980888248e+01
1.978382663e+01
1.975892683e+01
1.973419620e+01
1.970964737e+01
1.968529246e+01
1.966114309e+01
1.963721035e+01
1.961350482e+01
1.959003656e+01
1.956681506e+01
1.954384930e+01
1.952114772e+01
1.949871823e+01
1.947656818e+01
1.945470440e+01
1.943313319e+01
1.941186033e+01
1.939089105e+01
1.937023011e+01
1.934988173e+01
1.932984964e+01
1.931013709e+01
1.929074684e+01
1.927168119e+01
1.925294197e+01
1.923453060e+01
1.921644803e+01
1.919869483e+01
1.918127114e+01
1.916417674e+01
1.914741101e+01
1.913097300e+01
1.911486141e+01
1.909907461e+01
1.908361069e+01
1.906846743e+01
1.905364234e+01
1.903913270e+01
1.902493553e+01
1.901104765e+01
1.899746568e+01
1.898418606e+01
1.897120506e+01
1.895851882e+01
1.894612337e+01
1.893401460e+01
1.892218834e+01
1.891064035e+01
1.889936634e+01
1.888836198e+01
1.887762296e+01
1.886714493e+01
1.885692362e+01
1.884695477e+01
1.883723419e+01
1.882775779e+01
1.881852157e+01
1.880952166e+01
1.880075432e+01
1.879221600e+01
1.878390330e+01
1.877581306e+01
1.876794232e+01
1.876028839e+01
1.875284885e+01
1.874562159e+01
1.873860481e+01
1.873179709e+01
1.872519740e+01
1.871880514e+01
1.871262018e+01
1.870664291e+01
1.870087427e+01
1.869531586e+01
1.868996994e+01
1.868483959e+01
1.867992874e+01
1.867524229e+01
1.867078630e+01
1.866656811e+01
1.866259658e+01
1.865888233e+01
1.865543808e+01
1.865227912e+01
1.864942382e+01
1.864689447e+01
1.864471824e+01
1.864292873e+01
1.864156804e+01
1.864068995e+01
1.864036488e+01
1.864068802e+01
1.864179357e+01
1.864388212e+01
1.864728008e+01
1.865259565e+01
1.866129543e+01
