1.405772199e+01
1.403710306e+01
1.401980945e+01
1.400437434e+01
1.399018928e+01
1.397692763e+01
1.396438858e+01
1.395243768e+01
1.394097955e+01
1.392994353e+01
1.391927564e+01
1.390893355e+01
1.389888347e+01
1.388909801e+01
1.387955470e+01
1.387023497e+01
1.386112334e+01
1.385220690e+01
1.384347485e+01
1.383491816e+01
1.382652931e+01
1.381830209e+01
1.381023142e+01
1.380231321e+01
1.379454425e+01
1.378692211e+01
1.377944507e+01
1.377211205e+01
1.376492251e+01
1.375787647e+01
1.375097441e+01
1.374421724e+01
1.373760628e+01
1.373114321e+01
1.372483006e+01
1.371866915e+01
1.371266309e+01
1.370681475e+01
1.370112723e+01
1.369560384e+01
1.369024809e+01
1.368506365e+01
1.368005434e+01
1.367522412e+01
1.367057705e+01
1.366611727e+01
1.366184902e+01
1.365777658e+01
1.365390423e+01
1.365023633e+01
1.364677717e+01
1.364353107e+01
1.364050227e+01
1.363769496e+01
1.363511327e+01
1.363276121e+01
1.363064269e+01
1.362876146e+01
1.362712114e+01
1.362572516e+01
1.362457678e+01
1.362367903e+01
1.362303473e+01
1.362264644e+01
1.362251645e+01
1.362264680e+01
1.362303921e+01
1.362369508e+01
1.362461549e+01
1.362580116e+01
1.362725245e+01
1.362896935e+01
1.363095145e+01
1.363319792e+01
1.363570751e+01
1.363847854e+01
1.364150889e+01
1.364479595e+01
1.364833667e+01
1.365212749e+01
1.365616438e+01
1.366044279e+01
1.366495769e+01
1.366970350e+01
1.367467415e+01
1.367986303e+01
1.368526299e+01
1.369086639e+01
1.369666501e+01
1.370265012e+01
1.370881248e+01
1.371514229e+01
1.372162924e+01
1.372826250e+01
1.373503073e+01
1.374192208e+01
1.374892422e+01
1.375602432e+01
1.376320908e+01
1.377046476e+01
1.377777716e+01
1.378513164e+01
1.379251320e+01
1.379990640e+01
1.380729546e+01
1.381466424e+01
1.382199630e+01
1.382927487e+01
1.383648293e+01
1.384360322e+01
1.385061824e+01
1.385751034e+01
1.386426168e+01
1.387085433e+01
1.387727025e+01
1.388349136e+01
1.388949954e+01
1.389527671e+01
1.390080483e+01
1.390606595e+01
1.391104227e+01
1.391571612e+01
1.392007008e+01
1.392408694e+01
1.392774980e+01
1.393104207e+01
1.393394752e+01
1.393645035e+01
1.393853517e+01
1.394018711e+01
1.394139179e+01
1.394213541e+01
1.394240475e+01
1.394218723e+01
1.394147096e+01
1.394024471e+01
1.393849802e+01
1.393622120e+01
1.393340535e+01
1.393004240e+01
1.392612513e+01
1.392164723e+01
1.391660327e+01
1.391098877e+01
1.390480018e+01
1.389803495e+01
1.389069147e+01
1.388276917e+01
1.387426847e+01
1.386519081e+01
1.385553865e+01
1.384531549e+01
1.383452584e+01
1.382317526e+01
1.381127033e+01
1.379881863e+01
1.378582876e+01
1.377231029e+01
1.375827381e+01
1.374373084e+01
1.372869387e+01
1.371317624e+01
1.369719225e+01
1.368075703e+01
1.366388653e+01
1.364659751e+01
1.362890752e+01
1.361083476e+01
1.359239813e+01
1.357361725e+01
1.355451219e+01
1.353510366e+01
1.351541286e+01
1.349546141e+01
1.347527130e+01
1.345486488e+01
1.343426485e+01
1.341349400e+01
1.339257540e+01
1.337153220e+01
1.335038764e+01
1.332916490e+01
1.330788711e+01
1.328657732e+01
1.326525843e+01
1.324395298e+01
1.322268337e+01
1.320147157e+01
1.318033920e+01
1.315930733e+01
1.313839669e+01
1.311762720e+01
1.309701852e+01
1.307658934e+01
1.305635787e+01
1.303634136e+01
1.301655653e+01
1.299701912e+01
1.297774412e+01
1.295874542e+01
1.294003628e+01
1.292162887e+01
1.290353441e+01
1.288576305e+01
1.286832415e+01
1.285122591e+01
1.283447548e+01
1.281807906e+01
1.280204172e+01
1.278636765e+01
1.277105982e+01
1.275612036e+01
1.274155024e+01
1.272734945e+01
1.271351704e+01
1.270005110e+01
1.268694878e+01
1.267420620e+01
1.266181878e+01
1.264978086e+01
1.263808622e+01
1.262672753e+01
1.261569698e+01
1.260498601e+01
1.259458525e+01
1.258448480e+01
1.257467417e+01
1.256514241e+01
1.255587800e+01
1.254686899e+01
1.253810308e+01
1.252956771e+01
1.252124977e+01
1.251313628e+01
1.250521388e+01
1.249746900e+01
1.248988824e+01
1.248245800e+01
1.247516469e+01
1.246799494e+01
1.246093535e+01
1.245397276e+01
1.244709410e+01
1.244028666e+01
1.243353811e+01
1.242683616e+01
1.242016921e+01
1.241352594e+01
1.240689525e+01
1.240026668e+01
1.239363048e+01
1.238697696e+01
1.238029728e+01
1.237358315e+01
1.236682651e+01
1.236002037e+01
1.235315790e+01
1.234623330e+01
1.233924073e+01
1.233217595e+01
1.232503412e+01
1.231781203e+01
1.231050653e+01
1.230311530e+01
1.229563642e+01
1.228806879e+01
1.228041157e+01
1.227266466e+01
1.226482832e+01
1.225690366e+01
1.224889192e+01
1.224079501e+01
1.223261505e+01
1.222435489e+01
1.221601778e+01
1.220760662e+01
1.219912555e+01
1.219057878e+01
1.218197030e+01
1.217330499e+01
1.216458759e+01
1.215582283e+01
1.214701640e+01
1.213817310e+01
1.212929860e+01
1.212039827e+01
1.211147760e+01
1.210254217e+01
1.209359733e+01
1.208464870e+01
1.207570184e+01
1.206676205e+01
1.205783416e+01
1.204892389e+01
1.204003591e+01
1.203117519e+01
1.202234615e+01
1.201355366e+01
1.200480168e+01
1.199609441e+01
1.198743569e+01
1.197882912e+01
1.197027806e+01
1.196178585e+01
1.195335529e+01
1.194498889e+01
1.193668892e+01
1.192845797e+01
1.192029782e+01
1.191220999e+01
1.190419597e+01
1.189625704e+01
1.188839399e+01
1.188060775e+01
1.187289851e+01
1.186526720e+01
1.185771347e+01
1.185023734e+01
1.184283845e+01
1.183551674e+01
1.182827115e+01
1.182110172e+01
1.181400654e+01
1.180698572e+01
1.180003751e+01
1.179316102e+01
1.178635497e+01
1.177961799e+01
1.177294870e+01
1.176634610e+01
1.175980798e+01
1.175333327e+01
1.174692033e+01
1.174056814e+01
1.173427442e+01
1.172803831e+01
1.172185796e+01
1.171573193e+01
1.170965890e+01
1.170363734e+01
1.169766609e+01
1.169174415e+01
1.168586978e+01
1.168004185e+01
1.167425979e+01
1.166852202e+01
1.166282772e+01
1.165717613e+01
1.165156636e+01
1.164599734e+01
1.164046909e+01
1.163498018e+01
1.162953100e+01
1.162411986e+01
1.161874756e+01
1.161341324e+01
1.160811627e+01
1.160285742e+01
1.159763540e+01
1.159245076e+01
1.158730351e+01
1.158219348e+01
1.157712045e+01
1.157208490e+01
1.156708662e+01
1.156212599e+01
1.155720342e+01
1.155231850e+01
1.154747205e+01
1.154266369e+01
1.153789444e+01
1.153316379e+01
1.152847277e+01
1.152382084e+01
1.151920902e+01
1.151463745e+01
1.151010585e+01
1.150561491e+01
1.150116497e+01
1.149675656e+01
1.149238914e+01
1.148806335e+01
1.148377952e+01
1.147953731e+01
1.147533747e+01
1.147118014e+01
1.146706510e+01
1.146299275e+01
1.145896298e+01
1.145497622e+01
1.145103222e+01
1.144713091e+01
1.144327207e+01
1.143945644e+01
1.143568390e+01
1.143195343e+01
1.142826592e+01
1.142462160e+01
1.142101878e+01
1.141745919e+01
1.141394169e+01
1.141046597e+01
1.140703280e+01
1.140364102e+01
1.140029098e+01
1.139698249e+01
1.139371579e+01
1.139048954e+01
1.138730460e+01
1.138416024e+01
1.138105632e+01
1.137799270e+01
1.137496912e+01
1.137198546e+01
1.136904099e+01
1.136613666e+01
1.136327178e+01
1.136044514e+01
1.135765739e+01
1.135490889e+01
1.135219817e+01
1.134952633e+01
1.134689200e+01
1.134429548e+01
1.134173708e+01
1.133921623e+01
1.133673170e+01
1.133428455e+01
1.133187472e+01
1.132950133e+01
1.132716557e+01
1.132486489e+01
1.132260164e+01
1.132037377e+01
1.131818202e+01
1.131602661e+01
1.131390654e+01
1.131182194e+01
1.130977303e+01
1.130775902e+01
1.130578093e+01
1.130383756e+01
1.130192886e+01
1.130005565e+01
1.129821625e+01
1.129641243e+01
1.129464266e+01
1.129290649e+01
1.129120570e+01
1.128953830e+01
1.128790515e+01
1.128630536e+01
1.128474030e+01
1.128320893e+01
1.128171127e+01
1.128024687e+01
1.127881639e+01
1.127742002e+01
1.127605645e+01
1.127472792e+01
1.127343171e+01
1.127216995e+01
1.127094194e+01
1.126974836e+01
1.126858812e+01
1.126746258e+01
1.126637163e+01
1.126531597e+01
1.126429389e+01
1.126330801e+01
1.126235679e+01
1.126144173e+01
1.126056166e+01
1.125971684e+01
1.125890764e+01
1.125813480e+01
1.125739636e+01
1.125669223e+01
1.125602206e+01
1.125538434e+01
1.125477810e+01
1.125420124e+01
1.125365139e+01
1.125312612e+01
1.125262275e+01
1.125213668e+01
1.125166459e+01
1.125120291e+01
1.125074519e+01
1.125028987e+01
1.124983116e+01
1.124936955e+01
1.124890321e+01
1.124843792e+01
1.124798289e+01
1.124755403e+01
1.124718002e+01
1.124690231e+01
1.124678466e+01
1.124691393e+01
1.124691374e+01
1.124678401e+01
1.124690269e+01
1.124717915e+01
1.124755480e+01
1.124798216e+01
1.124843855e+01
1.124890375e+01
1.124937011e+01
1.124983112e+01
1.125028899e+01
1.125074511e+01
1.125120246e+01
1.125166488e+01
1.125213678e+01
1.125262230e+01
1.125312693e+01
1.125365129e+01
1.125420092e+01
1.125477816e+01
1.125538442e+01
1.125602234e+01
1.125669202e+01
1.125739612e+01
1.125813435e+01
1.125890826e+01
1.125971673e+01
1.126056154e+01
1.126144091e+01
1.126235694e+01
1.126330822e+01
1.126429460e+01
1.126531576e+01
1.126637199e+01
1.126746263e+01
1.126858858e+01
1.126974842e+01
1.127094172e+01
1.127216986e+01
1.127343197e+01
1.127472714e+01
1.127605651e+01
1.127742004e+01
1.127881668e+01
1.128024709e+01
1.128171115e+01
1.128320871e+01
1.128474042e+01
1.128630559e+01
1.128790525e+01
1.128953832e+01
1.129120501e+01
1.129290720e+01
1.129464202e+01
1.129641228e+01
1.129821647e+01
1.130005565e+01
1.130192892e+01
1.130383760e+01
1.130578107e+01
1.130775932e+01
1.130977326e+01
1.131182208e+01
1.131390652e+01
1.131602640e+01
1.131818216e+01
1.132037391e+01
1.132260120e+01
1.132486528e+01
1.132716510e+01
1.132950153e+01
1.133187496e+01
1.133428429e+01
1.133673138e+01
1.133921602e+01
1.134173670e+01
1.134429571e+01
1.134689241e+01
1.134952615e+01
1.135219835e+01
1.135490891e+01
1.135765762e+01
1.136044503e+01
1.136327199e+01
1.136613674e+01
1.136904137e+01
1.137198546e+01
1.137496905e+01
1.137799260e+01
1.138105627e+01
1.138416036e+01
1.138730476e+01
1.139048937e+01
1.139371540e+01
1.139698250e+01
1.140029142e+01
1.140364112e+01
1.140703250e+01
1.141046636e+01
1.141394152e+01
1.141745938e+01
1.142101903e+01
1.142462116e+01
1.142826614e+01
1.143195349e+01
1.143568364e+01
1.143945664e+01
1.144327219e+01
1.144713063e+01
1.145103213e+01
1.145497607e+01
1.145896334e+01
1.146299287e+01
1.146706520e+01
1.147118019e+01
1.147533744e+01
1.147953745e+01
1.148377933e+01
1.148806305e+01
1.149238922e+01
1.149675663e+01
1.150116502e+01
1.150561516e+01
1.151010596e+01
1.151463711e+01
1.151920910e+01
1.152382069e+01
1.152847256e+01
1.153316403e+01
1.153789426e+01
1.154266416e+01
1.154747181e+01
1.155231869e+01
1.155720334e+01
1.156212633e+01
1.156708676e+01
1.157208492e+01
1.157712049e+01
1.158219336e+01
1.158730361e+01
1.159245093e+01
1.159763560e+01
1.160285714e+01
1.160811654e+01
1.161341328e+01
1.161874759e+01
1.162412014e+01
1.162953087e+01
1.163498045e+01
1.164046908e+01
1.164599730e+01
1.165156635e+01
1.165717597e+01
1.166282780e+01
1.166852194e+01
1.167425978e+01
1.168004217e+01
1.168586961e+01
1.169174404e+01
1.169766637e+01
1.170363752e+01
1.170965872e+01
1.171573176e+01
1.172185787e+01
1.172803816e+01
1.173427460e+01
1.174056819e+01
1.174692051e+01
1.175333347e+01
1.175980799e+01
1.176634593e+01
1.177294888e+01
1.177961814e+01
1.178635484e+01
1.179316128e+01
1.180003743e+01
1.180698569e+01
1.181400653e+01
1.182110153e+01
1.182827124e+01
1.183551678e+01
1.184283849e+01
1.185023734e+01
1.185771348e+01
1.186526732e+01
1.187289873e+01
1.188060781e+01
1.188839415e+01
1.189625700e+01
1.190419598e+01
1.191221006e+01
1.192029783e+01
1.192845793e+01
1.193668905e+01
1.194498870e+01
1.195335530e+01
1.196178594e+01
1.197027815e+01
1.197882912e+01
1.198743571e+01
1.199609449e+01
1.200480180e+01
1.201355369e+01
1.202234621e+01
1.203117521e+01
1.204003588e+01
1.204892388e+01
1.205783433e+01
1.206676203e+01
1.207570190e+01
1.208464881e+01
1.209359742e+01
1.210254219e+01
1.211147754e+01
1.212039822e+01
1.212929855e+01
1.213817315e+01
1.214701648e+01
1.215582297e+01
1.216458753e+01
1.217330507e+01
1.218197032e+01
1.219057884e+01
1.219912572e+01
1.220760682e+01
1.221601777e+01
1.222435503e+01
1.223261510e+01
1.224079501e+01
1.224889190e+01
1.225690364e+01
1.226482837e+01
1.227266459e+01
1.228041158e+01
1.228806887e+01
1.229563647e+01
1.230311528e+01
1.231050661e+01
1.231781199e+01
1.232503409e+01
1.233217592e+01
1.233924086e+01
1.234623329e+01
1.235315795e+01
1.236002036e+01
1.236682656e+01
1.237358324e+01
1.238029740e+01
1.238697705e+01
1.239363054e+01
1.240026683e+01
1.240689525e+01
1.241352594e+01
1.242016928e+01
1.242683620e+01
1.243353814e+01
1.244028667e+01
1.244709411e+01
1.245397276e+01
1.246093538e+01
1.246799501e+01
1.247516482e+01
1.248245810e+01
1.248988821e+01
1.249746895e+01
1.250521390e+01
1.251313633e+01
1.252124984e+01
1.252956776e+01
1.253810310e+01
1.254686904e+01
1.255587803e+01
1.256514249e+01
1.257467416e+01
1.258448484e+01
1.259458525e+01
1.260498603e+01
1.261569704e+01
1.262672759e+01
1.263808620e+01
1.264978091e+01
1.266181878e+01
1.267420624e+01
1.268694887e+01
1.270005115e+01
1.271351709e+01
1.272734949e+01
1.274155025e+01
1.275612043e+01
1.277105984e+01
1.278636765e+01
1.280204176e+01
1.281807908e+01
1.283447553e+01
1.285122594e+01
1.286832419e+01
1.288576310e+01
1.290353442e+01
1.292162891e+01
1.294003635e+01
1.295874547e+01
1.297774416e+01
1.299701921e+01
1.301655660e+01
1.303634143e+01
1.305635792e+01
1.307658941e+01
1.309701858e+01
1.311762728e+01
1.313839671e+01
1.315930739e+01
1.318033924e+01
1.320147163e+01
1.322268344e+01
1.324395303e+01
1.326525846e+01
1.328657739e+01
1.330788715e+01
1.332916496e+01
1.335038770e+01
1.337153226e+01
1.339257546e+01
1.341349405e+01
1.343426488e+01
1.345486495e+01
1.347527136e+01
1.349546146e+01
1.351541293e+01
1.353510371e+01
1.355451227e+01
1.357361730e+01
1.359239820e+01
1.361083481e+01
1.362890757e+01
1.364659756e+01
1.366388658e+01
1.368075707e+01
1.369719230e+01
1.371317629e+01
1.372869391e+01
1.374373091e+01
1.375827387e+01
1.377231035e+01
1.378582881e+01
1.379881868e+01
1.381127039e+01
1.382317532e+01
1.383452589e+01
1.384531554e+01
1.385553870e+01
1.386519086e+01
1.387426852e+01
1.388276922e+01
1.389069152e+01
1.389803500e+01
1.390480023e+01
1.391098882e+01
1.391660332e+01
1.392164728e+01
1.392612518e+01
1.393004245e+01
1.393340540e+01
1.393622125e+01
1.393849807e+01
1.394024475e+01
1.394147100e+01
1.394218728e+01
1.394240479e+01
1.394213545e+01
1.394139184e+01
1.394018715e+01
1.393853522e+01
1.393645039e+01
1.393394756e+01
1.393104210e+01
1.392774984e+01
1.392408698e+01
1.392007012e+01
1.391571616e+01
1.391104230e+01
1.390606599e+01
1.390080486e+01
1.389527674e+01
1.388949957e+01
1.388349139e+01
1.387727028e+01
1.387085436e+01
1.386426171e+01
1.385751037e+01
1.385061827e+01
1.384360324e+01
1.383648296e+01
1.382927489e+01
1.382199632e+01
1.381466427e+01
1.380729548e+01
1.379990642e+01
1.379251322e+01
1.378513167e+01
1.377777718e+01
1.377046478e+01
1.376320910e+01
1.375602434e+01
1.374892424e+01
1.374192210e+01
1.373503075e+01
1.372826252e+01
1.372162926e+01
1.371514231e+01
1.370881250e+01
1.370265014e+01
1.369666502e+01
1.369086640e+01
1.368526301e+01
1.367986304e+01
1.367467416e+01
1.366970351e+01
1.366495770e+01
1.366044281e+01
1.365616439e+01
1.365212750e+01
1.364833668e+01
1.364479596e+01
1.364150890e+01
1.363847855e+01
1.363570752e+01
1.363319792e+01
1.363095146e+01
1.362896936e+01
1.362725246e+01
1.362580116e+01
1.362461549e+01
1.362369509e+01
1.362303922e+01
1.362264681e+01
1.362251646e+01
1.362264644e+01
1.362303473e+01
1.362367904e+01
1.362457678e+01
1.362572516e+01
1.362712114e+01
1.362876146e+01
1.363064269e+01
1.363276122e+01
1.363511328e+01
1.363769497e+01
1.364050227e+01
1.364353107e+01
1.364677718e+01
1.365023633e+01
1.365390424e+01
1.365777658e+01
1.366184903e+01
1.366611727e+01
1.367057705e+01
1.367522412e+01
1.368005434e+01
1.368506365e+01
1.369024809e+01
1.369560384e+01
1.370112723e+01
1.370681475e+01
1.371266309e+01
1.371866915e+01
1.372483006e+01
1.373114321e+01
1.373760628e+01
1.374421724e+01
1.375097441e+01
1.375787647e+01
1.376492251e+01
1.377211205e+01
1.377944507e+01
1.378692211e+01
1.379454425e+01
1.380231321e+01
1.381023142e+01
1.381830209e+01
1.382652931e+01
1.383491816e+01
1.384347485e+01
1.385220690e+01
1.386112334e+01
1.387023497e+01
1.387955470e+01
1.388909801e+01
1.389888347e+01
1.390893355e+01
1.391927564e+01
1.392994353e+01
1.394097955e+01
1.395243768e+01
1.396438858e+01
1.397692763e+01
1.399018928e+01
1.400437434e+01
1.401980945e+01
1.403710306e+01
1.405772199e+01
