7.144861422e+00
7.162728001e+00
7.180273667e+00
7.197505585e+00
7.214430887e+00
7.231056626e+00
7.247389744e+00
7.263437138e+00
7.279205597e+00
7.294701841e+00
7.309932509e+00
7.324904131e+00
7.339623186e+00
7.354096022e+00
7.368328921e+00
7.382328090e+00
7.396099603e+00
7.409649486e+00
7.422983613e+00
7.436107842e+00
7.449027857e+00
7.461749311e+00
7.474277747e+00
7.486618588e+00
7.498777180e+00
7.510758795e+00
7.522568573e+00
7.534211624e+00
7.545692852e+00
7.557017195e+00
7.568189427e+00
7.579214231e+00
7.590096262e+00
7.600839991e+00
7.611449860e+00
7.621930207e+00
7.632285309e+00
7.642519283e+00
7.652636255e+00
7.662640196e+00
7.672535015e+00
7.682324551e+00
7.692012530e+00
7.701602629e+00
7.711098444e+00
7.720503445e+00
7.729821076e+00
7.739054703e+00
7.748207577e+00
7.757282916e+00
7.766283840e+00
7.775213418e+00
7.784074608e+00
7.792870353e+00
7.801603493e+00
7.810276802e+00
7.818892995e+00
7.827454711e+00
7.835964538e+00
7.844424985e+00
7.852838527e+00
7.861207560e+00
7.869534401e+00
7.877821338e+00
7.886070588e+00
7.894284311e+00
7.902464625e+00
7.910613569e+00
7.918733157e+00
7.926825326e+00
7.934891973e+00
7.942934948e+00
7.950956044e+00
7.958957013e+00
7.966939556e+00
7.974905327e+00
7.982855937e+00
7.990792944e+00
7.998717885e+00
8.006632221e+00
8.014537404e+00
8.022434817e+00
8.030325824e+00
8.038211746e+00
8.046093857e+00
8.053973399e+00
8.061851581e+00
8.069729577e+00
8.077608511e+00
8.085489488e+00
8.093373583e+00
8.101261824e+00
8.109155218e+00
8.117054738e+00
8.124961324e+00
8.132875900e+00
8.140799330e+00
8.148732483e+00
8.156676185e+00
8.164631235e+00
8.172598407e+00
8.180578451e+00
8.188572088e+00
8.196580018e+00
8.204602918e+00
8.212641435e+00
8.220696203e+00
8.228767818e+00
8.236856877e+00
8.244963938e+00
8.253089533e+00
8.261234198e+00
8.269398430e+00
8.277582708e+00
8.285787499e+00
8.294013245e+00
8.302260378e+00
8.310529301e+00
8.318820415e+00
8.327134091e+00
8.335470684e+00
8.343830542e+00
8.352213994e+00
8.360621355e+00
8.369052919e+00
8.377508968e+00
8.385989775e+00
8.394495596e+00
8.403026671e+00
8.411583233e+00
8.420165497e+00
8.428773665e+00
8.437407934e+00
8.446068477e+00
8.454755476e+00
8.463469070e+00
8.472209419e+00
8.480976656e+00
8.489770904e+00
8.498592278e+00
8.507440887e+00
8.516316818e+00
8.525220164e+00
8.534151001e+00
8.543109388e+00
8.552095393e+00
8.561109062e+00
8.570150431e+00
8.579219542e+00
8.588316413e+00
8.597441063e+00
8.606593504e+00
8.615773727e+00
8.624981739e+00
8.634217523e+00
8.643481052e+00
8.652772312e+00
8.662091254e+00
8.671437842e+00
8.680812037e+00
8.690213798e+00
8.699643028e+00
8.709099701e+00
8.718583713e+00
8.728095004e+00
8.737633478e+00
8.747199078e+00
8.756791689e+00
8.766411183e+00
8.776057522e+00
8.785730540e+00
8.795430140e+00
8.805156228e+00
8.814908656e+00
8.824687293e+00
8.834491991e+00
8.844322670e+00
8.854179121e+00
8.864061229e+00
8.873968835e+00
8.883901806e+00
8.893859960e+00
8.903843131e+00
8.913851153e+00
8.923883881e+00
8.933941093e+00
8.944022655e+00
8.954128355e+00
8.964258038e+00
8.974411465e+00
8.984588502e+00
8.994788865e+00
9.005012464e+00
9.015259016e+00
9.025528366e+00
9.035820227e+00
9.046134458e+00
9.056470816e+00
9.066829107e+00
9.077209036e+00
9.087610438e+00
9.098033079e+00
9.108476718e+00
9.118941084e+00
9.129425990e+00
9.139931186e+00
9.150456412e+00
9.161001423e+00
9.171565956e+00
9.182149791e+00
9.192752640e+00
9.203374280e+00
9.214014429e+00
9.224672812e+00
9.235349172e+00
9.246043247e+00
9.256754777e+00
9.267483452e+00
9.278229042e+00
9.288991213e+00
9.299769749e+00
9.310564294e+00
9.321374602e+00
9.332200401e+00
9.343041366e+00
9.353897212e+00
9.364767633e+00
9.375652358e+00
9.386551074e+00
9.397463470e+00
9.408389244e+00
9.419328112e+00
9.430279712e+00
9.441243777e+00
9.452219981e+00
9.463207985e+00
9.474207495e+00
9.485218189e+00
9.496239723e+00
9.507271800e+00
9.518314079e+00
9.529366233e+00
9.540427913e+00
9.551498789e+00
9.562578550e+00
9.573666818e+00
9.584763285e+00
9.595867619e+00
9.606979434e+00
9.618098385e+00
9.629224170e+00
9.640356393e+00
9.651494720e+00
9.662638817e+00
9.673788272e+00
9.684942781e+00
9.696101941e+00
9.707265437e+00
9.718432825e+00
9.729603855e+00
9.740778032e+00
9.751955064e+00
9.763134553e+00
9.774316139e+00
9.785499430e+00
9.796684074e+00
9.807869661e+00
9.819055822e+00
9.830242149e+00
9.841428297e+00
9.852613855e+00
9.863798445e+00
9.874981650e+00
9.886163106e+00
9.897342443e+00
9.908519182e+00
9.919692982e+00
9.930863463e+00
9.942030168e+00
9.953192738e+00
9.964350756e+00
9.975503778e+00
9.986651469e+00
9.997793353e+00
1.000892906e+01
1.002005815e+01
1.003118023e+01
1.004229487e+01
1.005340164e+01
1.006450014e+01
1.007558996e+01
1.008667068e+01
1.009774181e+01
1.010880301e+01
1.011985380e+01
1.013089378e+01
1.014192249e+01
1.015293954e+01
1.016394447e+01
1.017493685e+01
1.018591624e+01
1.019688221e+01
1.020783432e+01
1.021877215e+01
1.022969525e+01
1.024060315e+01
1.025149541e+01
1.026237163e+01
1.027323134e+01
1.028407409e+01
1.029489943e+01
1.030570692e+01
1.031649610e+01
1.032726654e+01
1.033801774e+01
1.034874933e+01
1.035946079e+01
1.037015168e+01
1.038082154e+01
1.039146994e+01
1.040209638e+01
1.041270046e+01
1.042328164e+01
1.043383954e+01
1.044437365e+01
1.045488352e+01
1.046536870e+01
1.047582871e+01
1.048626310e+01
1.049667142e+01
1.050705317e+01
1.051740789e+01
1.052773512e+01
1.053803444e+01
1.054830530e+01
1.055854730e+01
1.056875994e+01
1.057894276e+01
1.058909528e+01
1.059921703e+01
1.060930756e+01
1.061936641e+01
1.062939308e+01
1.063938711e+01
1.064934805e+01
1.065927540e+01
1.066916870e+01
1.067902750e+01
1.068885131e+01
1.069863964e+01
1.070839207e+01
1.071810808e+01
1.072778726e+01
1.073742906e+01
1.074703308e+01
1.075659883e+01
1.076612581e+01
1.077561362e+01
1.078506171e+01
1.079446967e+01
1.080383702e+01
1.081316330e+01
1.082244801e+01
1.083169071e+01
1.084089093e+01
1.085004821e+01
1.085916210e+01
1.086823211e+01
1.087725780e+01
1.088623867e+01
1.089517432e+01
1.090406423e+01
1.091290800e+01
1.092170511e+01
1.093045516e+01
1.093915767e+01
1.094781217e+01
1.095641822e+01
1.096497538e+01
1.097348321e+01
1.098194122e+01
1.099034898e+01
1.099870606e+01
1.100701197e+01
1.101526632e+01
1.102346864e+01
1.103161850e+01
1.103971545e+01
1.104775906e+01
1.105574891e+01
1.106368454e+01
1.107156552e+01
1.107939141e+01
1.108716181e+01
1.109487630e+01
1.110253440e+01
1.111013574e+01
1.111767992e+01
1.112516642e+01
1.113259494e+01
1.113996500e+01
1.114727619e+01
1.115452815e+01
1.116172040e+01
1.116885259e+01
1.117592429e+01
1.118293515e+01
1.118988469e+01
1.119677258e+01
1.120359841e+01
1.121036178e+01
1.121706231e+01
1.122369961e+01
1.123027331e+01
1.123678302e+01
1.124322839e+01
1.124960904e+01
1.125592456e+01
1.126217462e+01
1.126835888e+01
1.127447692e+01
1.128052844e+01
1.128651304e+01
1.129243038e+01
1.129828015e+01
1.130406197e+01
1.130977548e+01
1.131542037e+01
1.132099632e+01
1.132650297e+01
1.133194005e+01
1.133730714e+01
1.134260401e+01
1.134783029e+01
1.135298568e+01
1.135806990e+01
1.136308260e+01
1.136802350e+01
1.137289231e+01
1.137768872e+01
1.138241247e+01
1.138706325e+01
1.139164077e+01
1.139614479e+01
1.140057498e+01
1.140493114e+01
1.140921295e+01
1.141342014e+01
1.141755252e+01
1.142160977e+01
1.142559168e+01
1.142949797e+01
1.143332845e+01
1.143708286e+01
1.144076096e+01
1.144436253e+01
1.144788735e+01
1.145133521e+01
1.145470587e+01
1.145799918e+01
1.146121485e+01
1.146435275e+01
1.146741266e+01
1.147039440e+01
1.147329775e+01
1.147612257e+01
1.147886868e+01
1.148153591e+01
1.148412404e+01
1.148663299e+01
1.148906254e+01
1.149141259e+01
1.149368294e+01
1.149587347e+01
1.149798404e+01
1.150001456e+01
1.150196485e+01
1.150383479e+01
1.150562428e+01
1.150733320e+01
1.150896145e+01
1.151050893e+01
1.151197552e+01
1.151336115e+01
1.151466574e+01
1.151588917e+01
1.151703140e+01
1.151809236e+01
1.151907193e+01
1.151997012e+01
1.152078680e+01
1.152152199e+01
1.152217558e+01
1.152274758e+01
1.152323795e+01
1.152364662e+01
1.152397360e+01
1.152421883e+01
1.152438235e+01
1.152446410e+01
1.152446410e+01
1.152438234e+01
1.152421884e+01
1.152397357e+01
1.152364664e+01
1.152323793e+01
1.152274760e+01
1.152217560e+01
1.152152200e+01
1.152078680e+01
1.151997009e+01
1.151907192e+01
1.151809234e+01
1.151703140e+01
1.151588917e+01
1.151466572e+01
1.151336117e+01
1.151197552e+01
1.151050892e+01
1.150896146e+01
1.150733320e+01
1.150562429e+01
1.150383478e+01
1.150196484e+01
1.150001455e+01
1.149798406e+01
1.149587347e+01
1.149368294e+01
1.149141257e+01
1.148906255e+01
1.148663300e+01
1.148412407e+01
1.148153591e+01
1.147886870e+01
1.147612258e+01
1.147329777e+01
1.147039441e+01
1.146741266e+01
1.146435276e+01
1.146121487e+01
1.145799916e+01
1.145470588e+01
1.145133522e+01
1.144788736e+01
1.144436254e+01
1.144076097e+01
1.143708286e+01
1.143332846e+01
1.142949798e+01
1.142559169e+01
1.142160978e+01
1.141755250e+01
1.141342017e+01
1.140921293e+01
1.140493114e+01
1.140057500e+01
1.139614480e+01
1.139164078e+01
1.138706326e+01
1.138241249e+01
1.137768874e+01
1.137289233e+01
1.136802352e+01
1.136308261e+01
1.135806990e+01
1.135298569e+01
1.134783030e+01
1.134260400e+01
1.133730716e+01
1.133194004e+01
1.132650298e+01
1.132099633e+01
1.131542036e+01
1.130977547e+01
1.130406197e+01
1.129828014e+01
1.129243040e+01
1.128651306e+01
1.128052844e+01
1.127447694e+01
1.126835889e+01
1.126217465e+01
1.125592457e+01
1.124960907e+01
1.124322841e+01
1.123678305e+01
1.123027333e+01
1.122369962e+01
1.121706231e+01
1.121036179e+01
1.120359843e+01
1.119677260e+01
1.118988470e+01
1.118293514e+01
1.117592431e+01
1.116885262e+01
1.116172042e+01
1.115452814e+01
1.114727623e+01
1.113996501e+01
1.113259496e+01
1.112516645e+01
1.111767991e+01
1.111013577e+01
1.110253442e+01
1.109487630e+01
1.108716183e+01
1.107939142e+01
1.107156552e+01
1.106368454e+01
1.105574891e+01
1.104775909e+01
1.103971547e+01
1.103161852e+01
1.102346866e+01
1.101526633e+01
1.100701199e+01
1.099870606e+01
1.099034898e+01
1.098194123e+01
1.097348323e+01
1.096497539e+01
1.095641825e+01
1.094781219e+01
1.093915767e+01
1.093045518e+01
1.092170512e+01
1.091290800e+01
1.090406426e+01
1.089517433e+01
1.088623872e+01
1.087725780e+01
1.086823214e+01
1.085916212e+01
1.085004825e+01
1.084089096e+01
1.083169074e+01
1.082244803e+01
1.081316331e+01
1.080383705e+01
1.079446970e+01
1.078506175e+01
1.077561362e+01
1.076612585e+01
1.075659885e+01
1.074703311e+01
1.073742910e+01
1.072778727e+01
1.071810812e+01
1.070839209e+01
1.069863966e+01
1.068885133e+01
1.067902751e+01
1.066916873e+01
1.065927541e+01
1.064934807e+01
1.063938715e+01
1.062939309e+01
1.061936642e+01
1.060930760e+01
1.059921706e+01
1.058909528e+01
1.057894276e+01
1.056875995e+01
1.055854731e+01
1.054830533e+01
1.053803446e+01
1.052773516e+01
1.051740792e+01
1.050705318e+01
1.049667143e+01
1.048626313e+01
1.047582875e+01
1.046536871e+01
1.045488356e+01
1.044437366e+01
1.043383956e+01
1.042328165e+01
1.041270046e+01
1.040209640e+01
1.039146996e+01
1.038082156e+01
1.037015170e+01
1.035946081e+01
1.034874936e+01
1.033801778e+01
1.032726656e+01
1.031649614e+01
1.030570694e+01
1.029489945e+01
1.028407411e+01
1.027323136e+01
1.026237164e+01
1.025149545e+01
1.024060315e+01
1.022969527e+01
1.021877218e+01
1.020783435e+01
1.019688223e+01
1.018591626e+01
1.017493688e+01
1.016394450e+01
1.015293957e+01
1.014192252e+01
1.013089381e+01
1.011985382e+01
1.010880302e+01
1.009774185e+01
1.008667069e+01
1.007558999e+01
1.006450017e+01
1.005340167e+01
1.004229489e+01
1.003118024e+01
1.002005817e+01
1.000892907e+01
9.997793379e+00
9.986651500e+00
9.975503817e+00
9.964350767e+00
9.953192771e+00
9.942030191e+00
9.930863492e+00
9.919693028e+00
9.908519234e+00
9.897342463e+00
9.886163149e+00
9.874981679e+00
9.863798464e+00
9.852613871e+00
9.841428313e+00
9.830242177e+00
9.819055828e+00
9.807869682e+00
9.796684107e+00
9.785499458e+00
9.774316155e+00
9.763134588e+00
9.751955077e+00
9.740778045e+00
9.729603868e+00
9.718432871e+00
9.707265455e+00
9.696101970e+00
9.684942798e+00
9.673788303e+00
9.662638856e+00
9.651494767e+00
9.640356433e+00
9.629224203e+00
9.618098438e+00
9.606979453e+00
9.595867640e+00
9.584763320e+00
9.573666844e+00
9.562578575e+00
9.551498810e+00
9.540427934e+00
9.529366253e+00
9.518314104e+00
9.507271837e+00
9.496239776e+00
9.485218233e+00
9.474207507e+00
9.463207987e+00
9.452220004e+00
9.441243807e+00
9.430279748e+00
9.419328143e+00
9.408389267e+00
9.397463501e+00
9.386551098e+00
9.375652399e+00
9.364767647e+00
9.353897240e+00
9.343041383e+00
9.332200422e+00
9.321374636e+00
9.310564328e+00
9.299769755e+00
9.288991246e+00
9.278229055e+00
9.267483482e+00
9.256754824e+00
9.246043278e+00
9.235349204e+00
9.224672840e+00
9.214014444e+00
9.203374321e+00
9.192752661e+00
9.182149802e+00
9.171565983e+00
9.161001444e+00
9.150456443e+00
9.139931209e+00
9.129426020e+00
9.118941116e+00
9.108476734e+00
9.098033106e+00
9.087610479e+00
9.077209066e+00
9.066829132e+00
9.056470864e+00
9.046134497e+00
9.035820269e+00
9.025528393e+00
9.015259055e+00
9.005012501e+00
8.994788917e+00
8.984588514e+00
8.974411503e+00
8.964258058e+00
8.954128390e+00
8.944022695e+00
8.933941127e+00
8.923883895e+00
8.913851196e+00
8.903843150e+00
8.893859994e+00
8.883901842e+00
8.873968870e+00
8.864061264e+00
8.854179146e+00
8.844322681e+00
8.834492038e+00
8.824687323e+00
8.814908684e+00
8.805156265e+00
8.795430172e+00
8.785730594e+00
8.776057556e+00
8.766411225e+00
8.756791711e+00
8.747199107e+00
8.737633502e+00
8.728095021e+00
8.718583726e+00
8.709099716e+00
8.699643052e+00
8.690213817e+00
8.680812083e+00
8.671437876e+00
8.662091290e+00
8.652772342e+00
8.643481084e+00
8.634217554e+00
8.624981772e+00
8.615773761e+00
8.606593530e+00
8.597441091e+00
8.588316446e+00
8.579219573e+00
8.570150462e+00
8.561109091e+00
8.552095428e+00
8.543109419e+00
8.534151031e+00
8.525220197e+00
8.516316850e+00
8.507440917e+00
8.498592313e+00
8.489770938e+00
8.480976690e+00
8.472209453e+00
8.463469101e+00
8.454755505e+00
8.446068512e+00
8.437407963e+00
8.428773698e+00
8.420165526e+00
8.411583263e+00
8.403026705e+00
8.394495626e+00
8.385989804e+00
8.377508997e+00
8.369052949e+00
8.360621387e+00
8.352214027e+00
8.343830574e+00
8.335470709e+00
8.327134117e+00
8.318820444e+00
8.310529337e+00
8.302260409e+00
8.294013279e+00
8.285787530e+00
8.277582735e+00
8.269398458e+00
8.261234229e+00
8.253089563e+00
8.244963966e+00
8.236856907e+00
8.228767850e+00
8.220696235e+00
8.212641467e+00
8.204602954e+00
8.196580053e+00
8.188572123e+00
8.180578484e+00
8.172598444e+00
8.164631268e+00
8.156676222e+00
8.148732521e+00
8.140799366e+00
8.132875935e+00
8.124961362e+00
8.117054773e+00
8.109155256e+00
8.101261860e+00
8.093373616e+00
8.085489522e+00
8.077608541e+00
8.069729606e+00
8.061851610e+00
8.053973433e+00
8.046093883e+00
8.038211777e+00
8.030325854e+00
8.022434845e+00
8.014537430e+00
8.006632252e+00
7.998717913e+00
7.990792980e+00
7.982855964e+00
7.974905357e+00
7.966939589e+00
7.958957047e+00
7.950956077e+00
7.942934975e+00
7.934891999e+00
7.926825353e+00
7.918733189e+00
7.910613605e+00
7.902464656e+00
7.894284353e+00
7.886070621e+00
7.877821369e+00
7.869534439e+00
7.861207594e+00
7.852838573e+00
7.844425026e+00
7.835964570e+00
7.827454740e+00
7.818893024e+00
7.810276834e+00
7.801603528e+00
7.792870385e+00
7.784074648e+00
7.775213447e+00
7.766283875e+00
7.757282949e+00
7.748207609e+00
7.739054736e+00
7.729821111e+00
7.720503474e+00
7.711098473e+00
7.701602668e+00
7.692012570e+00
7.682324581e+00
7.672535042e+00
7.662640230e+00
7.652636293e+00
7.642519333e+00
7.632285338e+00
7.621930253e+00
7.611449894e+00
7.600840023e+00
7.590096300e+00
7.579214273e+00
7.568189451e+00
7.557017237e+00
7.545692888e+00
7.534211639e+00
7.522568614e+00
7.510758826e+00
7.498777205e+00
7.486618621e+00
7.474277761e+00
7.461749347e+00
7.449027897e+00
7.436107853e+00
7.422983650e+00
7.409649504e+00
7.396099643e+00
7.382328139e+00
7.368328967e+00
7.354096060e+00
7.339623223e+00
7.324904171e+00
7.309932543e+00
7.294701881e+00
7.279205633e+00
7.263437173e+00
7.247389783e+00
7.231056654e+00
7.214430919e+00
7.197505609e+00
7.180273690e+00
7.162728028e+00
7.144861457e+00
