-1.152136812e-02
-1.828613507e-02
-2.395531251e-02
-2.900917906e-02
-3.364650685e-02
-3.797382039e-02
-4.205662912e-02
-4.593899153e-02
-4.965257623e-02
-5.322143979e-02
-5.666480317e-02
-5.999879652e-02
-6.323763094e-02
-6.639443168e-02
-6.948186003e-02
-7.251259594e-02
-7.549972354e-02
-7.845704418e-02
-8.139933189e-02
-8.434253938e-02
-8.730395928e-02
-9.030234257e-02
-9.335797472e-02
-9.649270956e-02
-9.972995979e-02
-1.030946440e-01
-1.066130892e-01
-1.103128884e-01
-1.142227151e-01
-1.183720931e-01
-1.227911257e-01
-1.275101852e-01
-1.325595661e-01
-1.379691064e-01
-1.437677806e-01
-1.499832711e-01
-1.566415231e-01
-1.637662894e-01
-1.713786738e-01
-1.794966780e-01
-1.881347630e-01
-1.973034288e-01
-2.070088247e-01
-2.172523943e-01
-2.280305646e-01
-2.393344840e-01
-2.511498184e-01
-2.634566078e-01
-2.762291895e-01
-2.894361903e-01
-3.030405918e-01
-3.169998689e-01
-3.312661987e-01
-3.457867448e-01
-3.605040082e-01
-3.753562441e-01
-3.902779380e-01
-4.052003375e-01
-4.200520300e-01
-4.347595577e-01
-4.492480666e-01
-4.634419728e-01
-4.772656436e-01
-4.906440776e-01
-5.035035795e-01
-5.157724161e-01
-5.273814473e-01
-5.382647224e-01
-5.483600332e-01
-5.576094183e-01
-5.659596152e-01
-5.733624485e-01
-5.797751583e-01
-5.851606648e-01
-5.894877599e-01
-5.927312413e-01
-5.948719744e-01
-5.958968970e-01
-5.957989623e-01
-5.945770260e-01
-5.922356869e-01
-5.887850812e-01
-5.842406403e-01
-5.786228143e-01
-5.719567763e-01
-5.642721021e-01
-5.556024438e-01
-5.459851936e-01
-5.354611535e-01
-5.240742039e-01
-5.118709885e-01
-4.989006113e-01
-4.852143514e-01
-4.708653932e-01
-4.559085903e-01
-4.404002345e-01
-4.243978603e-01
-4.079600626e-01
-3.911463378e-01
-3.740169357e-01
-3.566327278e-01
-3.390550877e-01
-3.213457673e-01
-3.035667853e-01
-2.857803013e-01
-2.680484847e-01
-2.504333713e-01
-2.329966958e-01
-2.157997071e-01
-1.989029516e-01
-1.823660256e-01
-1.662473018e-01
-1.506036100e-01
-1.354898932e-01
-1.209588238e-01
-1.070603831e-01
-9.384141674e-02
-8.134516286e-02
-6.961075483e-02
-5.867272071e-02
-4.856046693e-02
-3.929777324e-02
-3.090229771e-02
-2.338511481e-02
-1.675028203e-02
-1.099446064e-02
-5.874236959e-03
-1.342495734e-03
2.644560377e-03
6.127871233e-03
9.145885344e-03
1.173483006e-02
1.392892293e-02
1.576052905e-02
1.726028046e-02
1.845717009e-02
1.937862032e-02
2.005054497e-02
2.049739100e-02
2.074218706e-02
2.080657773e-02
2.071086533e-02
2.047404510e-02
2.011384718e-02
1.964677544e-02
1.908815221e-02
1.845216078e-02
1.775189416e-02
1.699940103e-02
1.620573626e-02
1.538101015e-02
1.453443922e-02
1.367439711e-02
1.280846499e-02
1.194348175e-02
1.108559322e-02
1.024030037e-02
9.412506173e-03
8.606560794e-03
7.826304980e-03
7.075111670e-03
6.355925150e-03
5.671298238e-03
5.023427098e-03
4.414183535e-03
3.845145109e-03
3.317622819e-03
2.832686668e-03
2.391189263e-03
1.993787875e-03
1.640965378e-03
1.333050892e-03
1.070240965e-03
8.526222466e-04
6.801975045e-04
5.529158974e-04
4.707095996e-04
4.335379577e-04
4.414404536e-04
4.945987201e-04
5.934072097e-04
7.385502167e-04
9.310818211e-04
1.172503830e-03
1.464835467e-03
1.810668981e-03
2.213205128e-03
2.676265752e-03
3.204280937e-03
3.802253335e-03
4.475702383e-03
5.230593740e-03
6.073259804e-03
7.010316044e-03
8.048576872e-03
9.194974433e-03
1.045647969e-02
1.184002639e-02
1.335243642e-02
1.500034317e-02
1.679011223e-02
1.872775503e-02
2.081883441e-02
2.306835849e-02
2.548066174e-02
2.805927056e-02
3.080675217e-02
3.372454530e-02
3.681277126e-02
4.007002447e-02
4.349314246e-02
4.707695366e-02
5.081400490e-02
5.469426722e-02
5.870482195e-02
6.282952897e-02
6.704867863e-02
7.133863171e-02
7.567145008e-02
8.001452492e-02
8.433020756e-02
8.857545219e-02
9.270147888e-02
9.665346811e-02
1.003702989e-01
1.037843469e-01
1.068213562e-01
1.094004012e-01
1.114339641e-01
1.128281381e-01
1.134829868e-01
1.132930726e-01
1.121481790e-01
1.099342388e-01
1.065344931e-01
1.018308753e-01
9.570562538e-02
8.804314703e-02
7.873204379e-02
6.766734471e-02
5.475282065e-02
3.990331989e-02
2.304700898e-02
4.127331078e-03
-1.689544315e-02
-4.004354632e-02
-6.532201528e-02
-9.272069753e-02
-1.222184639e-01
-1.537904648e-01
-1.874196781e-01
-2.224158578e-01
-2.584782094e-01
-2.953226454e-01
-3.326896230e-01
-3.703501337e-01
-4.081100506e-01
-4.458124399e-01
-4.833381467e-01
-5.206045441e-01
-5.575628366e-01
-5.941940949e-01
-6.305043844e-01
-6.665192864e-01
-7.022782804e-01
-7.378290424e-01
-7.732222566e-01
-8.085069649e-01
-8.437266229e-01
-8.789161561e-01
-9.140997580e-01
-9.492897676e-01
-9.844861952e-01
-1.019677148e+00
-1.054839703e+00
-1.089941372e+00
-1.124941706e+00
-1.159794264e+00
-1.194448356e+00
-1.228850870e+00
-1.262947828e+00
-1.296685857e+00
-1.330013138e+00
-1.362880291e+00
-1.395240865e+00
-1.427051629e+00
-1.458272694e+00
-1.488867282e+00
-1.518801658e+00
-1.548044692e+00
-1.576567650e+00
-1.604343669e+00
-1.631347714e+00
-1.657556032e+00
-1.682946058e+00
-1.707496353e+00
-1.731186339e+00
-1.753996388e+00
-1.775907768e+00
-1.796902733e+00
-1.816964624e+00
-1.836077928e+00
-1.854228414e+00
-1.871403244e+00
-1.887591034e+00
-1.902782041e+00
-1.916968123e+00
-1.930143023e+00
-1.942302132e+00
-1.953442801e+00
-1.963564207e+00
-1.972667496e+00
-1.980755705e+00
-1.987833811e+00
-1.993908749e+00
-1.998989413e+00
-2.003086709e+00
-2.006213432e+00
-2.008384330e+00
-2.009616270e+00
-2.009927808e+00
-2.009339692e+00
-2.007874520e+00
-2.005556772e+00
-2.002412968e+00
-1.998471370e+00
-1.993762263e+00
-1.988317608e+00
-1.982171253e+00
-1.975358841e+00
-1.967917530e+00
-1.959886274e+00
-1.951305423e+00
-1.942217030e+00
-1.932664334e+00
-1.922692029e+00
-1.912345764e+00
-1.901672565e+00
-1.890720251e+00
-1.879537366e+00
-1.868173444e+00
-1.856678313e+00
-1.845102259e+00
-1.833495820e+00
-1.821909690e+00
-1.810394266e+00
-1.798999786e+00
-1.787776002e+00
-1.776772036e+00
-1.766036113e+00
-1.755615404e+00
-1.745556008e+00
-1.735902391e+00
-1.726697585e+00
-1.717982728e+00
-1.709797013e+00
-1.702177489e+00
-1.695158865e+00
-1.688773333e+00
-1.683050518e+00
-1.678017214e+00
-1.673697269e+00
-1.670111594e+00
-1.667277775e+00
-1.665210451e+00
-1.663920763e+00
-1.663416494e+00
-1.663702173e+00
-1.664778747e+00
-1.666643850e+00
-1.669291502e+00
-1.672712707e+00
-1.676894797e+00
-1.681821890e+00
-1.687474996e+00
-1.693831882e+00
-1.700867485e+00
-1.708553619e+00
-1.716859500e+00
-1.725751775e+00
-1.735194588e+00
-1.745149615e+00
-1.755576666e+00
-1.766433633e+00
-1.777676466e+00
-1.789259549e+00
-1.801136003e+00
-1.813257765e+00
-1.825575656e+00
-1.838039861e+00
-1.850599783e+00
-1.863204452e+00
-1.875802653e+00
-1.888343138e+00
-1.900774661e+00
-1.913046264e+00
-1.925107556e+00
-1.936908414e+00
-1.948399646e+00
-1.959532908e+00
-1.970260700e+00
-1.980536638e+00
-1.990315727e+00
-1.999554031e+00
-2.008209072e+00
-2.016239850e+00
-2.023607128e+00
-2.030272876e+00
-2.036201240e+00
-2.041357655e+00
-2.045709683e+00
-2.049226503e+00
-2.051879314e+00
-2.053641123e+00
-2.054486836e+00
-2.054393377e+00
-2.053339579e+00
-2.051306232e+00
-2.048275988e+00
-2.044233631e+00
-2.039165858e+00
-2.033061161e+00
-2.025910291e+00
-2.017705484e+00
-2.008441208e+00
-1.998113830e+00
-1.986721347e+00
-1.974263756e+00
-1.960742926e+00
-1.946162488e+00
-1.930527537e+00
-1.913845421e+00
-1.896124924e+00
-1.877376366e+00
-1.857611858e+00
-1.836845200e+00
-1.815091458e+00
-1.792367526e+00
-1.768691538e+00
-1.744083090e+00
-1.718563377e+00
-1.692154591e+00
-1.664880302e+00
-1.636765533e+00
-1.607836299e+00
-1.578119726e+00
-1.547644406e+00
-1.516439645e+00
-1.484536165e+00
-1.451965562e+00
-1.418760661e+00
-1.384955162e+00
-1.350583803e+00
-1.315682056e+00
-1.280286245e+00
-1.244432922e+00
-1.208159052e+00
-1.171501620e+00
-1.134496961e+00
-1.097181017e+00
-1.059588987e+00
-1.021755218e+00
-9.837134221e-01
-9.454976421e-01
-9.071423708e-01
-8.686844244e-01
-8.301639430e-01
-7.916259730e-01
-7.531216649e-01
-7.147089886e-01
-6.764527106e-01
-6.384225308e-01
-6.006901354e-01
-5.633237360e-01
-5.263813811e-01
-4.899023699e-01
-4.538979248e-01
-4.183429961e-01
-3.831696658e-01
-3.482647119e-01
-3.134737924e-01
-2.786118337e-01
-2.434837082e-01
-2.079128294e-01
-1.717774473e-01
-1.350517938e-01
-9.784841356e-02
-6.045515164e-02
-2.336128863e-02
1.273356750e-02
4.693387863e-02
7.818926865e-02
1.053630307e-01
1.273262132e-01
1.430698891e-01
1.518264715e-01
1.531863074e-01
1.471954964e-01
1.344203197e-01
1.159659390e-01
9.275755684e-02
7.272280334e-02
5.608486573e-02
4.238263815e-02
3.122081714e-02
2.224125517e-02
1.511507138e-02
9.542677021e-03
5.255654217e-03
2.018001976e-03
-3.739859066e-04
-2.093156464e-03
-3.283909071e-03
-4.065183364e-03
-4.533688635e-03
-4.767117799e-03
-4.827177460e-03
-4.762334774e-03
-4.610235023e-03
-4.399780377e-03
-4.152884102e-03
-3.885928052e-03
-3.610957590e-03
-3.336650094e-03
-3.069092027e-03
-2.812396666e-03
-2.569190984e-03
-2.340996335e-03
-2.128523703e-03
-1.931900923e-03
-1.750846082e-03
-1.584798687e-03
-1.433017923e-03
-1.294655416e-03
-1.168808413e-03
-1.054557980e-03
-9.509958665e-04
-8.572428248e-04
-7.724605700e-04
-6.958590454e-04
-6.267002677e-04
-5.642997180e-04
-5.080260091e-04
-4.572993748e-04
-4.115893851e-04
-3.704121874e-04
-3.333274882e-04
-2.999354315e-04
-2.698734823e-04
-2.428133900e-04
-2.184582798e-04
-1.965399037e-04
-1.768160670e-04
-1.590682377e-04
-1.430993388e-04
-1.287317206e-04
-1.158053034e-04
-1.041758838e-04
-9.371359232e-05
-8.430149299e-05
-7.583431318e-05
-6.821729373e-05
-6.136514875e-05
-5.520112580e-05
-4.965615717e-05
-4.466809415e-05
-4.018101617e-05
-3.614460806e-05
-3.251359845e-05
-2.924725371e-05
-2.630892154e-05
-2.366561943e-05
-2.128766322e-05
-1.914833141e-05
-1.722356140e-05
-1.549167361e-05
-1.393312001e-05
-1.253025342e-05
-1.126711370e-05
-1.012922724e-05
-9.103415019e-06
-8.177604566e-06
-7.340639527e-06
-6.582079538e-06
-5.891980786e-06
-5.260644863e-06
-4.678319528e-06
-4.134829494e-06
-3.619107864e-06
-3.118588479e-06
-2.618405393e-06
-2.100326383e-06
-1.541321116e-06
-9.116286632e-07
-1.721400610e-07
7.291552601e-07
1.862001535e-06
3.320453993e-06
5.231837868e-06
7.768956904e-06
1.116673470e-05
1.574490251e-05
2.193893393e-05
3.034222695e-05
4.176362489e-05
5.730585537e-05
7.847249476e-05
1.073138313e-04
1.466257708e-04
2.002210694e-04
2.732991886e-04
3.729506219e-04
5.088445716e-04
6.941666151e-04
9.468972128e-04
1.291554917e-03
1.761573137e-03
2.402540656e-03
3.276619696e-03
4.468569321e-03
6.093957285e-03
8.310355222e-03
1.133260066e-02
1.545360277e-02
2.107270484e-02
2.873434741e-02
3.748392022e-02
4.727991162e-02
5.807908999e-02
6.983661557e-02
8.250615475e-02
9.603999678e-02
1.103891724e-01
1.255035742e-01
1.413320784e-01
1.578226679e-01
1.749225559e-01
1.925783106e-01
2.107359791e-01
2.293412129e-01
2.483393913e-01
2.676757458e-01
2.872954824e-01
3.071439036e-01
3.271665283e-01
3.473092108e-01
3.675182569e-01
3.877405387e-01
4.079236064e-01
4.280157977e-01
4.479663441e-01
4.677254738e-01
4.872445126e-01
5.064759790e-01
5.253736778e-01
5.438927885e-01
5.619899497e-01
5.796233397e-01
5.967527527e-01
6.133396700e-01
6.293473266e-01
6.447407738e-01
6.594869362e-01
6.735546635e-01
6.869147785e-01
6.995401186e-01
7.114055732e-01
7.224881153e-01
7.327668283e-01
7.422229275e-01
7.508397760e-01
7.586028966e-01
7.654999765e-01
7.715208694e-01
7.766575903e-01
7.809043067e-01
7.842573241e-01
7.867150674e-01
7.882780569e-01
7.889488798e-01
7.887321574e-01
7.876345079e-01
7.856645045e-01
7.828326303e-01
7.791512279e-01
7.746344467e-01
7.692981857e-01
7.631600327e-01
7.562392008e-01
7.485564618e-01
7.401340762e-01
7.309957210e-01
7.211664149e-01
7.106724413e-01
6.995412691e-01
6.878014719e-01
6.754826452e-01
6.626153228e-01
6.492308915e-01
6.353615050e-01
6.210399974e-01
6.062997955e-01
5.911748316e-01
5.756994558e-01
5.599083482e-01
5.438364321e-01
5.275187873e-01
5.109905642e-01
4.942868991e-01
4.774428305e-01
4.604932169e-01
4.434726559e-01
4.264154050e-01
4.093553052e-01
3.923257052e-01
3.753593887e-01
3.584885045e-01
3.417444979e-01
3.251580461e-01
3.087589951e-01
2.925763007e-01
2.766379717e-01
2.609710166e-01
2.456013933e-01
2.305539625e-01
2.158524438e-01
2.015193759e-01
1.875760801e-01
1.740426271e-01
1.609378077e-01
1.482791065e-01
1.360826805e-01
1.243633396e-01
1.131345324e-01
1.024083343e-01
9.219543982e-02
8.250515873e-02
7.334541494e-02
6.472274955e-02
5.664232698e-02
4.910794460e-02
4.212204556e-02
3.568573489e-02
2.979879870e-02
2.445972644e-02
1.966573601e-02
1.541280181e-02
1.169568544e-02
8.507968958e-03
5.842090704e-03
3.689383415e-03
2.329815377e-03
1.471197764e-03
9.289705799e-04
5.865615875e-04
3.703439585e-04
2.338169026e-04
1.476128728e-04
9.318554057e-05
5.882290876e-05
3.712915425e-05
2.343419645e-05
1.478924235e-05
9.332436659e-06
5.888262227e-06
3.714566986e-06
2.342821115e-06
1.477249744e-06
9.311443636e-07
5.866509355e-07
3.693818006e-07
2.323873827e-07
1.460376021e-07
9.163413213e-08
5.737822430e-08
3.582563140e-08
2.228000497e-08
1.377906636e-08
8.454642658e-09
5.128889577e-09
3.059375063e-09
1.778392607e-09
9.914548068e-10
5.132338989e-10
2.272257190e-10
6.016357887e-11
-3.372497986e-11
-8.306194779e-11
-1.056986173e-10
-1.126406313e-10
-1.107202040e-10
-1.040660887e-10
-9.524319604e-11
-8.590239611e-11
-7.688317590e-11
-6.870531453e-11
-6.154594289e-11
-5.540857781e-11
-5.054597821e-11
-4.698328978e-11
-4.437074691e-11
-4.242072883e-11
-4.078410341e-11
-3.952103967e-11
-3.856364434e-11
-3.801973508e-11
-3.775227021e-11
-3.733050554e-11
-3.678234763e-11
-3.610705266e-11
-3.526573494e-11
-3.461428144e-11
-3.445053411e-11
-3.454159991e-11
-3.479854636e-11
-3.484157423e-11
-3.438171850e-11
-3.394931917e-11
-3.359497158e-11
-3.347612741e-11
-3.364299069e-11
-3.330572837e-11
-3.238345411e-11
-3.109789542e-11
-2.955494700e-11
-2.716713178e-11
-2.280430881e-11
-1.527212741e-11
-2.869934523e-12
1.716938121e-11
4.839486357e-11
9.628113693e-11
1.689771448e-10
2.797666174e-10
4.504801160e-10
7.136956142e-10
1.119680384e-09
1.746345811e-09
2.713308667e-09
4.205318159e-09
6.507913229e-09
1.006069590e-08
1.554129947e-08
2.399427492e-08
3.702946218e-08
5.712872582e-08
8.811782921e-08
1.358919041e-07
2.095342029e-07
3.230386938e-07
4.979624411e-07
7.675084531e-07
1.182812029e-06
1.822615744e-06
2.808157715e-06
4.326082775e-06
6.663690660e-06
1.026315839e-05
1.580493939e-05
2.433602181e-05
3.746714235e-05
5.767598745e-05
8.877326691e-05
1.366190444e-04
2.102235283e-04
3.234383941e-04
4.975550213e-04
7.652952904e-04
1.176940290e-03
1.809740647e-03
2.782363154e-03
4.277065250e-03
6.573725193e-03
1.010205747e-02
1.552171719e-02
2.384516785e-02
3.368589964e-02
4.491350679e-02
5.739811707e-02
7.101081905e-02
8.562407412e-02
1.011121118e-01
1.173513070e-01
1.342205373e-01
1.516015204e-01
1.693791298e-01
1.874416883e-01
2.056812393e-01
2.239937943e-01
2.422795582e-01
2.604431297e-01
2.783936801e-01
2.960451076e-01
3.133161691e-01
3.301305896e-01
3.464171493e-01
3.621097494e-01
3.771474565e-01
3.914745273e-01
4.050404133e-01
4.177997472e-01
4.297123104e-01
4.407429848e-01
4.508616868e-01
4.600432871e-01
4.682675149e-01
4.755188492e-01
4.817863971e-01
4.870637596e-01
4.913488873e-01
4.946439248e-01
4.969550469e-01
4.982922852e-01
4.986693478e-01
4.981034314e-01
4.966150279e-01
4.942277255e-01
4.909680051e-01
4.868650328e-01
4.819504501e-01
4.762581609e-01
4.698241174e-01
4.626861052e-01
4.548835278e-01
4.464571920e-01
4.374490945e-01
4.279022103e-01
4.178602834e-01
4.073676210e-01
3.964688915e-01
3.852089264e-01
3.736325283e-01
3.617842829e-01
3.497083789e-01
3.374484334e-01
3.250473251e-01
3.125470348e-01
2.999884946e-01
2.874114455e-01
2.748543039e-01
2.623540379e-01
2.499460529e-01
2.376640877e-01
2.255401206e-01
2.136042863e-01
2.018848031e-01
1.904079116e-01
1.791978237e-01
1.682766828e-01
1.576645351e-01
1.473793112e-01
1.374368191e-01
1.278507476e-01
1.186326795e-01
1.097921160e-01
1.013365096e-01
9.327130733e-02
8.560000274e-02
7.832419639e-02
7.144366442e-02
6.495643483e-02
5.885887058e-02
5.314575927e-02
4.781040857e-02
4.284474677e-02
3.823942792e-02
3.398394076e-02
3.006672076e-02
2.647526474e-02
2.319624702e-02
2.021563680e-02
1.751881576e-02
1.509069531e-02
1.291583284e-02
1.097854611e-02
9.263025406e-03
7.753442535e-03
6.434056213e-03
5.289313199e-03
4.303944597e-03
3.463056805e-03
2.752216576e-03
2.157529739e-03
1.665713108e-03
1.264159181e-03
9.409932341e-04
6.851224745e-04
4.862769109e-04
3.350416612e-04
2.228804149e-04
1.421497911e-04
8.610433353e-05
4.889187238e-05
2.553894612e-05
1.192589720e-05
4.751118691e-06
1.483670021e-06
3.030034581e-07
2.357617705e-08
-1.785134437e-10
