-1.450919836e-02
-2.302829188e-02
-3.016793641e-02
-3.653367195e-02
-4.237727700e-02
-4.783545422e-02
-5.299478507e-02
-5.791689504e-02
-6.265047589e-02
-6.723798375e-02
-7.171986568e-02
-7.613751112e-02
-8.053547541e-02
-8.496323796e-02
-8.947661897e-02
-9.413890896e-02
-9.902172604e-02
-1.042055959e-01
-1.097802383e-01
-1.158445408e-01
-1.225061985e-01
-1.298810046e-01
-1.380917794e-01
-1.472669378e-01
-1.575386977e-01
-1.690409513e-01
-1.819068243e-01
-1.962659654e-01
-2.122416185e-01
-2.299475385e-01
-2.494848284e-01
-2.709387747e-01
-2.943757744e-01
-3.198404432e-01
-3.473530011e-01
-3.769070253e-01
-4.084676640e-01
-4.419703800e-01
-4.773203049e-01
-5.143922431e-01
-5.530313752e-01
-5.930546607e-01
-6.342529500e-01
-6.763937654e-01
-7.192247075e-01
-7.624774073e-01
-8.058719414e-01
-8.491215921e-01
-8.919378271e-01
-9.340353692e-01
-9.751372134e-01
-1.014979452e+00
-1.053315759e+00
-1.089921429e+00
-1.124596838e+00
-1.157170243e+00
-1.187499838e+00
-1.215475039e+00
-1.241016958e+00
-1.264078071e+00
-1.284641143e+00
-1.302717431e+00
-1.318344271e+00
-1.331582126e+00
-1.342511244e+00
-1.351227994e+00
-1.357841071e+00
-1.362467645e+00
-1.365229598e+00
-1.366249953e+00
-1.365649621e+00
-1.363544491e+00
-1.360042986e+00
-1.355244105e+00
-1.349235942e+00
-1.342094759e+00
-1.333884516e+00
-1.324656905e+00
-1.314451777e+00
-1.303297944e+00
-1.291214287e+00
-1.278211091e+00
-1.264291547e+00
-1.249453330e+00
-1.233690233e+00
-1.216993723e+00
-1.199354444e+00
-1.180763543e+00
-1.161213876e+00
-1.140700941e+00
-1.119223656e+00
-1.096784868e+00
-1.073391656e+00
-1.049055364e+00
-1.023791531e+00
-9.976194980e-01
-9.705619776e-01
-9.426444268e-01
-9.138943724e-01
-8.843406510e-01
-8.540126640e-01
-8.229396920e-01
-7.911502338e-01
-7.586715620e-01
-7.255293954e-01
-6.917478219e-01
-6.573495178e-01
-6.223562381e-01
-5.867897028e-01
-5.506728111e-01
-5.140312491e-01
-4.768955141e-01
-4.393032341e-01
-4.013018691e-01
-3.629516340e-01
-3.243285607e-01
-2.855276385e-01
-2.466658464e-01
-2.078848777e-01
-1.693534706e-01
-1.312689989e-01
-9.385823030e-02
-5.737696615e-02
-2.210844884e-02
1.163973551e-02
4.354028353e-02
7.390638678e-02
1.026979601e-01
1.298736151e-01
1.553946875e-01
1.792281982e-01
2.013488273e-01
2.217402211e-01
2.403957122e-01
2.573186010e-01
2.725221106e-01
2.860290467e-01
2.978713069e-01
3.080891726e-01
3.167305831e-01
3.238502680e-01
3.295089019e-01
3.337722005e-01
3.367100633e-01
3.383957064e-01
3.389048598e-01
3.383149809e-01
3.367045515e-01
3.341524036e-01
3.307371271e-01
3.265365263e-01
3.216271448e-01
3.160838536e-01
3.099794955e-01
3.033845912e-01
2.963670989e-01
2.889922270e-01
2.813222961e-01
2.734166440e-01
2.653315735e-01
2.571203385e-01
2.488331604e-01
2.405172778e-01
2.322170211e-01
2.239739096e-01
2.158267686e-01
2.078118639e-01
1.999630486e-01
1.923119223e-01
1.848879985e-01
1.777188786e-01
1.708304313e-01
1.642469749e-01
1.579914598e-01
1.520856545e-01
1.465503281e-01
1.414054349e-01
1.366702953e-01
1.323637782e-01
1.285044807e-01
1.251109100e-01
1.222016652e-01
1.197956217e-01
1.179121179e-01
1.165711447e-01
1.157935361e-01
1.156011575e-01
1.160170886e-01
1.170657907e-01
1.187732552e-01
1.211671181e-01
1.242767354e-01
1.281332109e-01
1.327693704e-01
1.382196811e-01
1.445201170e-01
1.517079720e-01
1.598216236e-01
1.689002528e-01
1.789835167e-01
1.901111791e-01
2.023226909e-01
2.156567210e-01
2.301506291e-01
2.458398770e-01
2.627573696e-01
2.809327235e-01
3.003914557e-01
3.211540912e-01
3.432351846e-01
3.666422607e-01
3.913746709e-01
4.174223760e-01
4.447646592e-01
4.733687833e-01
5.031886085e-01
5.341631899e-01
5.662153828e-01
5.992504835e-01
6.331549477e-01
6.677952254e-01
7.030167679e-01
7.386432597e-01
7.744761417e-01
8.102944901e-01
8.458553326e-01
8.808944711e-01
9.151278870e-01
9.482538175e-01
9.799555541e-01
1.009905041e+00
1.037767307e+00
1.063205764e+00
1.085888365e+00
1.105494603e+00
1.121723265e+00
1.134300820e+00
1.142990350e+00
1.147600714e+00
1.147995847e+00
1.144103813e+00
1.135925430e+00
1.123542241e+00
1.107123656e+00
1.086933547e+00
1.063336221e+00
1.036803255e+00
1.007922228e+00
9.774104298e-01
9.461379071e-01
9.151667704e-01
8.808431087e-01
8.445793611e-01
8.075890611e-01
7.708493603e-01
7.350849185e-01
7.007707419e-01
6.681518692e-01
6.372754531e-01
6.080312246e-01
5.801957586e-01
5.534763951e-01
5.275515484e-01
5.021046570e-01
4.768501845e-01
4.515515399e-01
4.260303464e-01
4.001687712e-01
3.739059670e-01
3.472301732e-01
3.201687303e-01
2.927766742e-01
2.651262012e-01
2.372971310e-01
2.093694720e-01
1.814179505e-01
1.535089692e-01
1.256989500e-01
9.803466449e-02
7.055425975e-02
4.328898381e-02
1.626493423e-02
-1.049493830e-02
-3.696935691e-02
-6.313768544e-02
-8.897906577e-02
-1.144722777e-01
-1.395954161e-01
-1.643263557e-01
-1.886428187e-01
-2.125229462e-01
-2.359452182e-01
-2.588892830e-01
-2.813356152e-01
-3.032657803e-01
-3.246627664e-01
-3.455104921e-01
-3.657941947e-01
-3.855000162e-01
-4.046153097e-01
-4.231283483e-01
-4.410283972e-01
-4.583057259e-01
-4.749517514e-01
-4.909587067e-01
-5.063200236e-01
-5.210301747e-01
-5.350850693e-01
-5.484813333e-01
-5.612172119e-01
-5.732919086e-01
-5.847060758e-01
-5.954615437e-01
-6.055613044e-01
-6.150097479e-01
-6.238123763e-01
-6.319761549e-01
-6.395090382e-01
-6.464202869e-01
-6.527206285e-01
-6.584214571e-01
-6.635358501e-01
-6.680777693e-01
-6.720623499e-01
-6.755059617e-01
-6.784257896e-01
-6.808403912e-01
-6.827689152e-01
-6.842318629e-01
-6.852504873e-01
-6.858467515e-01
-6.860436744e-01
-6.858647445e-01
-6.853345088e-01
-6.844777596e-01
-6.833202752e-01
-6.818876263e-01
-6.802065859e-01
-6.783038090e-01
-6.762060888e-01
-6.739407862e-01
-6.715350886e-01
-6.690161167e-01
-6.664110346e-01
-6.637468998e-01
-6.610501047e-01
-6.583470957e-01
-6.556635577e-01
-6.530247727e-01
-6.504553202e-01
-6.479788322e-01
-6.456185380e-01
-6.433961973e-01
-6.413330096e-01
-6.394487672e-01
-6.377621846e-01
-6.362907290e-01
-6.350505222e-01
-6.340562008e-01
-6.333210504e-01
-6.328568071e-01
-6.326735120e-01
-6.327798148e-01
-6.331822918e-01
-6.338864056e-01
-6.348954715e-01
-6.362111131e-01
-6.378333877e-01
-6.397604711e-01
-6.419888898e-01
-6.445130553e-01
-6.473263940e-01
-6.504200966e-01
-6.537836499e-01
-6.574053212e-01
-6.612713987e-01
-6.653671475e-01
-6.696756884e-01
-6.741792895e-01
-6.788588159e-01
-6.836937983e-01
-6.886622989e-01
-6.937417360e-01
-6.989085173e-01
-7.041377213e-01
-7.094038806e-01
-7.146806533e-01
-7.199412332e-01
-7.251580120e-01
-7.303031600e-01
-7.353481935e-01
-7.402647012e-01
-7.450236126e-01
-7.495963200e-01
-7.539537470e-01
-7.580670244e-01
-7.619078784e-01
-7.654473630e-01
-7.686577768e-01
-7.715113646e-01
-7.739809720e-01
-7.760397763e-01
-7.776621418e-01
-7.788224873e-01
-7.794963153e-01
-7.796597095e-01
-7.792901238e-01
-7.783652003e-01
-7.768641722e-01
-7.747667775e-01
-7.720542166e-01
-7.687083774e-01
-7.647126443e-01
-7.600512109e-01
-7.547095148e-01
-7.486744366e-01
-7.419337313e-01
-7.344765284e-01
-7.262930633e-01
-7.173751133e-01
-7.077154673e-01
-6.973081319e-01
-6.861487724e-01
-6.742337211e-01
-6.615610055e-01
-6.481299889e-01
-6.339408239e-01
-6.189953588e-01
-6.032965254e-01
-5.868486348e-01
-5.696565205e-01
-5.517273158e-01
-5.330686784e-01
-5.136893581e-01
-4.935993725e-01
-4.728102441e-01
-4.513338929e-01
-4.291839269e-01
-4.063746129e-01
-3.829214327e-01
-3.588409746e-01
-3.341504381e-01
-3.088680755e-01
-2.830134194e-01
-2.566064346e-01
-2.296677922e-01
-2.022197136e-01
-1.742842510e-01
-1.458849280e-01
-1.170454493e-01
-8.779058981e-02
-5.814549504e-02
-2.813612698e-02
2.211344793e-03
3.286979014e-02
6.381228865e-02
9.501128318e-02
1.264388699e-01
1.580677270e-01
1.898697811e-01
2.218172302e-01
2.538817822e-01
2.860350706e-01
3.182472495e-01
3.504884677e-01
3.827274114e-01
4.149328263e-01
4.470738130e-01
4.791218903e-01
5.110521295e-01
5.428439744e-01
5.744815342e-01
6.059501260e-01
6.372314284e-01
6.682936930e-01
6.990811200e-01
7.295043295e-01
7.594345861e-01
7.887112598e-01
8.171658775e-01
8.446669337e-01
8.711888478e-01
8.968924843e-01
9.222057300e-01
9.478785243e-01
9.749814556e-01
1.004816643e+00
1.038720240e+00
1.077750474e+00
1.122283331e+00
1.171571812e+00
1.223352415e+00
1.273603605e+00
1.316564041e+00
1.345090500e+00
1.351389116e+00
1.328077665e+00
1.269457810e+00
1.172801119e+00
1.039406449e+00
8.706133846e-01
7.209223949e-01
5.920451893e-01
4.818144076e-01
3.885105723e-01
3.104540851e-01
2.459141151e-01
1.931418459e-01
1.504368650e-01
1.162076724e-01
8.901319854e-02
6.758417970e-02
5.082801553e-02
3.782194824e-02
2.779901525e-02
2.013030486e-02
1.430603108e-02
9.917072843e-03
6.637947022e-03
4.211700083e-03
2.436877580e-03
1.156527677e-03
2.490800193e-04
-3.791150209e-04
-7.998189204e-04
-1.067735514e-03
-1.224346982e-03
-1.300938313e-03
-1.320966788e-03
-1.301908064e-03
-1.256687134e-03
-1.194782428e-03
-1.123074055e-03
-1.046492841e-03
-9.685150236e-04
-8.915378504e-04
-8.171636808e-04
-7.464140197e-04
-6.798901054e-04
-6.178928557e-04
-5.605120158e-04
-5.076920422e-04
-4.592804741e-04
-4.150631690e-04
-3.747897218e-04
-3.381915791e-04
-3.049947424e-04
-2.749284864e-04
-2.477311591e-04
-2.231538626e-04
-2.009626101e-04
-1.809393986e-04
-1.628825240e-04
-1.466063776e-04
-1.319408986e-04
-1.187308092e-04
-1.068347225e-04
-9.612418920e-05
-8.648272532e-05
-7.780485443e-05
-6.999518254e-05
-6.296751926e-05
-5.664405243e-05
-5.095457975e-05
-4.583579827e-05
-4.123065086e-05
-3.708772750e-05
-3.336071861e-05
-3.000791701e-05
-2.699176498e-05
-2.427844278e-05
-2.183749498e-05
-1.964149091e-05
-1.766571575e-05
-1.588788857e-05
-1.428790386e-05
-1.284759276e-05
-1.155050004e-05
-1.038167261e-05
-9.327454431e-06
-8.375282051e-06
-7.513473440e-06
-6.731000994e-06
-6.017236838e-06
-5.361654878e-06
-4.753468928e-06
-4.181179195e-06
-3.631989776e-06
-3.091046653e-06
-2.540427620e-06
-1.957791021e-06
-1.314556566e-06
-5.734457125e-07
3.148534025e-07
1.416216697e-06
2.819246973e-06
4.643663718e-06
7.051730800e-06
1.026382753e-05
1.457967018e-05
2.040723841e-05
2.830220762e-05
3.902170553e-05
5.359759830e-05
7.343640247e-05
1.004554960e-04
1.372688150e-04
1.874400120e-04
2.558275782e-04
3.490553287e-04
4.761537791e-04
6.494344657e-04
8.856817921e-04
1.207777686e-03
1.646916195e-03
2.245622175e-03
3.061865963e-03
4.174671813e-03
5.691762281e-03
7.759977422e-03
1.057947581e-02
1.442308980e-02
1.966270536e-02
2.680521565e-02
3.654152274e-02
4.981332270e-02
6.496291876e-02
8.191600597e-02
1.005951320e-01
1.209199353e-01
1.428073898e-01
1.661720520e-01
1.909263137e-01
2.169806553e-01
2.442439008e-01
2.726234735e-01
3.020256505e-01
3.323558154e-01
3.635187092e-01
3.954186772e-01
4.279599117e-01
4.610466907e-01
4.945836095e-01
5.284758078e-01
5.626291885e-01
5.969506305e-01
6.313481932e-01
6.657313122e-01
7.000109883e-01
7.340999658e-01
7.679129030e-01
8.013665337e-01
8.343798180e-01
8.668740858e-01
8.987731691e-01
9.300035255e-01
9.604943528e-01
9.901776937e-01
1.018988531e+00
1.046864876e+00
1.073747842e+00
1.099581719e+00
1.124314028e+00
1.147895578e+00
1.170280506e+00
1.191426315e+00
1.211293902e+00
1.229847578e+00
1.247055081e+00
1.262887583e+00
1.277319693e+00
1.290329443e+00
1.301898283e+00
1.312011059e+00
1.320655984e+00
1.327824615e+00
1.333511814e+00
1.337715705e+00
1.340437632e+00
1.341682106e+00
1.341456751e+00
1.339772243e+00
1.336642248e+00
1.332083351e+00
1.326114988e+00
1.318759365e+00
1.310041381e+00
1.299988547e+00
1.288630893e+00
1.276000884e+00
1.262133321e+00
1.247065250e+00
1.230835856e+00
1.213486365e+00
1.195059938e+00
1.175601560e+00
1.155157931e+00
1.133777355e+00
1.111509618e+00
1.088405877e+00
1.064518538e+00
1.039901131e+00
1.014608193e+00
9.886951356e-01
9.622181249e-01
9.352339506e-01
9.077998984e-01
8.799736213e-01
8.518130089e-01
8.233760584e-01
7.947207440e-01
7.659048872e-01
7.369860280e-01
7.080212960e-01
6.790672833e-01
6.501799186e-01
6.214143428e-01
5.928247871e-01
5.644644529e-01
5.363853946e-01
5.086384056e-01
4.812729071e-01
4.543368409e-01
4.278765665e-01
4.019367610e-01
3.765603258e-01
3.517882959e-01
3.276597560e-01
3.042117612e-01
2.814792636e-01
2.594950448e-01
2.382896545e-01
2.178913557e-01
1.983260758e-01
1.796173654e-01
1.617863629e-01
1.448517666e-01
1.288298140e-01
1.137342676e-01
9.957640841e-02
8.636503619e-02
7.410647695e-02
6.280459756e-02
5.246082722e-02
4.307418586e-02
3.464131926e-02
2.715654073e-02
2.061187917e-02
1.499713330e-02
1.029993185e-02
6.505799374e-03
4.109127714e-03
2.595260532e-03
1.639057902e-03
1.035116549e-03
6.536802513e-04
4.127832429e-04
2.606505279e-04
1.645788723e-04
1.039123730e-04
6.560494092e-05
4.141711187e-05
2.614533450e-05
1.650349386e-05
1.041644984e-05
6.573833592e-06
4.148235018e-06
2.617223323e-06
1.650948192e-06
1.041159872e-06
6.563871238e-07
4.136344105e-07
2.605110035e-07
1.639473048e-07
1.030707715e-07
6.470830102e-08
4.054669453e-08
2.534027044e-08
1.577932759e-08
9.775981881e-09
6.013300538e-09
3.660891563e-09
2.195293009e-09
1.286613305e-09
7.270723313e-10
3.857772654e-10
1.805231490e-10
5.967056622e-11
-9.174443488e-12
-4.621386288e-11
-6.410776235e-11
-7.070630243e-11
-7.092583965e-11
-6.788125780e-11
-6.335525478e-11
-5.848178128e-11
-5.383281835e-11
-4.964890087e-11
-4.632215742e-11
-4.401880518e-11
-4.245406052e-11
-4.131938292e-11
-4.033226068e-11
-3.951961288e-11
-3.879669432e-11
-3.824006865e-11
-3.784419379e-11
-3.736871934e-11
-3.687947997e-11
-3.635102616e-11
-3.575694667e-11
-3.523238343e-11
-3.505545406e-11
-3.510887523e-11
-3.530879253e-11
-3.524364361e-11
-3.478416650e-11
-3.420796405e-11
-3.360015531e-11
-3.299847751e-11
-3.227452502e-11
-3.066438922e-11
-2.785565702e-11
-2.347685098e-11
-1.692306681e-11
-6.735835189e-12
9.488562391e-12
3.504285616e-11
7.511908236e-11
1.377164061e-10
2.346482981e-10
3.839951683e-10
6.134766181e-10
9.664054653e-10
1.511053070e-09
2.351391607e-09
3.647796234e-09
5.648222184e-09
8.734398240e-09
1.349525086e-08
2.083956520e-08
3.216773425e-08
4.963834096e-08
7.657879308e-08
1.181170538e-07
1.821562810e-07
2.808751250e-07
4.330372286e-07
6.675487382e-07
1.028935982e-06
1.585777703e-06
2.443684321e-06
3.765275475e-06
5.800922807e-06
8.936051960e-06
1.376391751e-05
2.119754827e-05
3.264192373e-05
5.025875157e-05
7.737359140e-05
1.191017558e-04
1.833104144e-04
2.820972651e-04
4.340627788e-04
6.678013702e-04
1.027264524e-03
1.579998300e-03
2.429793677e-03
3.736110513e-03
5.743897090e-03
8.829361196e-03
1.357021400e-02
2.085345370e-02
3.204072365e-02
4.922195883e-02
7.560440126e-02
1.067875888e-01
1.423544701e-01
1.818896246e-01
2.249808027e-01
2.712204062e-01
3.202069003e-01
3.715461483e-01
4.248526624e-01
4.797507666e-01
5.358756658e-01
5.928744190e-01
6.504068163e-01
7.081461569e-01
7.657799304e-01
8.230104017e-01
8.795551027e-01
9.351472325e-01
9.895359703e-01
1.042486704e+00
1.093781182e+00
1.143217585e+00
1.190610534e+00
1.235791030e+00
1.278606330e+00
1.318919778e+00
1.356610571e+00
1.391573494e+00
1.423718602e+00
1.452970871e+00
1.479269815e+00
1.502569070e+00
1.522835960e+00
1.540051032e+00
1.554207578e+00
1.565311133e+00
1.573378969e+00
1.578439563e+00
1.580532071e+00
1.579705776e+00
1.576019542e+00
1.569541255e+00
1.560347265e+00
1.548521816e+00
1.534156481e+00
1.517349595e+00
1.498205678e+00
1.476834866e+00
1.453352343e+00
1.427877768e+00
1.400534706e+00
1.371450064e+00
1.340753527e+00
1.308577001e+00
1.275054056e+00
1.240319386e+00
1.204508261e+00
1.167755998e+00
1.130197442e+00
1.091966451e+00
1.053195398e+00
1.014014688e+00
9.745522844e-01
9.349332620e-01
8.952793678e-01
8.557086094e-01
8.163348627e-01
7.772675026e-01
7.386110597e-01
7.004649022e-01
6.629229472e-01
6.260733995e-01
5.899985223e-01
5.547744384e-01
5.204709642e-01
4.871514772e-01
4.548728169e-01
4.236852198e-01
3.936322894e-01
3.647510004e-01
3.370717363e-01
3.106183625e-01
2.854083304e-01
2.614528157e-01
2.387568864e-01
2.173197015e-01
1.971347378e-01
1.781900431e-01
1.604685147e-01
1.439482005e-01
1.286026206e-01
1.144011072e-01
1.013091609e-01
8.928881967e-02
7.829903902e-02
6.829608053e-02
5.923390557e-02
5.106457196e-02
4.373863079e-02
3.720552077e-02
3.141395732e-02
2.631231411e-02
2.184899425e-02
1.797278907e-02
1.463322178e-02
1.178087421e-02
9.367694224e-03
7.347282078e-03
5.675153744e-03
4.308979607e-03
3.208796921e-03
2.337194629e-03
1.659469228e-03
1.143750508e-03
7.610960666e-04
4.855536005e-04
2.941899823e-04
1.670861409e-04
8.729664172e-05
4.077263513e-05
1.624638194e-05
5.074714426e-06
1.037181256e-06
8.134200010e-08
-1.648735997e-10
