-9.153091308e-03
-1.452729960e-02
-1.903084341e-02
-2.304457003e-02
-2.672508773e-02
-3.015500827e-02
-3.338355246e-02
-3.644200949e-02
-3.935086257e-02
-4.212352156e-02
-4.476847515e-02
-4.729063363e-02
-4.969222723e-02
-5.197344727e-02
-5.413293230e-02
-5.616815781e-02
-5.807576397e-02
-5.985184259e-02
-6.149219576e-02
-6.299257412e-02
-6.434889912e-02
-6.555747147e-02
-6.661516680e-02
-6.751961831e-02
-6.826938571e-02
-6.886410944e-02
-6.930464842e-02
-6.959320008e-02
-6.973340112e-02
-6.973040708e-02
-6.959094986e-02
-6.932337151e-02
-6.893763361e-02
-6.844530131e-02
-6.785950166e-02
-6.719485610e-02
-6.646738761e-02
-6.569440256e-02
-6.489434900e-02
-6.408665194e-02
-6.329152830e-02
-6.252978241e-02
-6.182258575e-02
-6.119124257e-02
-6.065694512e-02
-6.024052089e-02
-5.996217638e-02
-5.984123983e-02
-5.989590697e-02
-6.014299334e-02
-6.059769695e-02
-6.127337489e-02
-6.218133567e-02
-6.333065333e-02
-6.472800351e-02
-6.637752520e-02
-6.828071026e-02
-7.043632266e-02
-7.284034897e-02
-7.548597894e-02
-7.836362118e-02
-8.146094891e-02
-8.476297896e-02
-8.825218071e-02
-9.190861602e-02
-9.571010542e-02
-9.963242165e-02
-1.036495058e-01
-1.077337036e-01
-1.118560193e-01
-1.159863857e-01
-1.200939421e-01
-1.241473219e-01
-1.281149458e-01
-1.319653108e-01
-1.356672833e-01
-1.391903809e-01
-1.425050495e-01
-1.455829278e-01
-1.483970966e-01
-1.509223149e-01
-1.531352363e-01
-1.550146065e-01
-1.565414393e-01
-1.576991734e-01
-1.584738034e-01
-1.588539916e-01
-1.588311541e-01
-1.583995277e-01
-1.575562108e-01
-1.563011860e-01
-1.546373203e-01
-1.525703457e-01
-1.501088174e-01
-1.472640617e-01
-1.440500955e-01
-1.404835378e-01
-1.365835010e-01
-1.323714691e-01
-1.278711587e-01
-1.231083671e-01
-1.181108088e-01
-1.129079320e-01
-1.075307302e-01
-1.020115323e-01
-9.638378350e-02
-9.068181218e-02
-8.494058136e-02
-7.919542990e-02
-7.348179701e-02
-6.783493457e-02
-6.228961055e-02
-5.687979520e-02
-5.163834300e-02
-4.659666349e-02
-4.178438391e-02
-3.722901151e-02
-3.295559483e-02
-2.898638486e-02
-2.534050950e-02
-2.203365340e-02
-1.907775875e-02
-1.648074536e-02
-1.424626279e-02
-1.237347002e-02
-1.085685659e-02
-9.519771715e-03
-8.351178725e-03
-7.339834192e-03
-6.474434216e-03
-5.743732779e-03
-5.136648808e-03
-4.642352488e-03
-4.250338667e-03
-3.950486540e-03
-3.733105446e-03
-3.588972615e-03
-3.509356605e-03
-3.486038582e-03
-3.511318366e-03
-3.578020679e-03
-3.679490417e-03
-3.809587260e-03
-3.962672818e-03
-4.133597349e-03
-4.317681419e-03
-4.510698054e-03
-4.708850664e-03
-4.908752636e-03
-5.107404384e-03
-5.302171530e-03
-5.490762729e-03
-5.671207954e-03
-5.841837826e-03
-6.001263713e-03
-6.148359110e-03
-6.282242387e-03
-6.402260944e-03
-6.507977126e-03
-6.599155745e-03
-6.675753280e-03
-6.737908988e-03
-6.785937533e-03
-6.820323191e-03
-6.841715466e-03
-6.850925578e-03
-6.848923541e-03
-6.836835079e-03
-6.815937633e-03
-6.787654391e-03
-6.753545267e-03
-6.715293497e-03
-6.674686641e-03
-6.633591110e-03
-6.593919250e-03
-6.557589536e-03
-6.526480585e-03
-6.502381503e-03
-6.486941910e-03
-6.481626258e-03
-6.487677309e-03
-6.506093812e-03
-6.537626190e-03
-6.582792435e-03
-6.641914525e-03
-6.715173215e-03
-6.802678187e-03
-6.904548108e-03
-7.020997319e-03
-7.152423673e-03
-7.299495458e-03
-7.463235220e-03
-7.645099580e-03
-7.847055511e-03
-8.071654640e-03
-8.322105262e-03
-8.602345854e-03
-8.917119940e-03
-9.272053909e-03
-9.673740201e-03
-1.012982486e-02
-1.064910199e-02
-1.124161384e-02
-1.191875821e-02
-1.269340163e-02
-1.357999898e-02
-1.459471810e-02
-1.575556873e-02
-1.708253450e-02
-1.859770631e-02
-2.032541420e-02
-2.229235691e-02
-2.452772355e-02
-2.706330647e-02
-2.993359986e-02
-3.317587901e-02
-3.683025641e-02
-4.093970656e-02
-4.555005576e-02
-5.070992697e-02
-5.647063477e-02
-6.288601988e-02
-7.001221686e-02
-7.790734624e-02
-8.663112363e-02
-9.624437598e-02
-1.068084621e-01
-1.183845930e-01
-1.310330441e-01
-1.448122683e-01
-1.597779090e-01
-1.759817252e-01
-1.934704459e-01
-2.122845815e-01
-2.324572133e-01
-2.540128279e-01
-2.769662515e-01
-3.013217328e-01
-3.270723323e-01
-3.541996753e-01
-3.826742799e-01
-4.124566437e-01
-4.434993372e-01
-4.757504808e-01
-5.091589296e-01
-5.436820505e-01
-5.792965397e-01
-6.160138351e-01
-6.539016485e-01
-6.931140785e-01
-7.339341374e-01
-7.733128233e-01
-8.113766759e-01
-8.483100935e-01
-8.843391561e-01
-9.197145744e-01
-9.546953097e-01
-9.895333200e-01
-1.024460572e+00
-1.059678491e+00
-1.095350483e+00
-1.131597436e+00
-1.168496213e+00
-1.206080765e+00
-1.244345640e+00
-1.283251015e+00
-1.322729091e+00
-1.362691056e+00
-1.403034014e+00
-1.443647743e+00
-1.484420462e+00
-1.525243824e+00
-1.566016514e+00
-1.606646883e+00
-1.647054206e+00
-1.687169113e+00
-1.726932957e+00
-1.766296822e+00
-1.805219763e+00
-1.843667072e+00
-1.881608375e+00
-1.919016074e+00
-1.955863645e+00
-1.992124586e+00
-2.027771473e+00
-2.062775482e+00
-2.097106241e+00
-2.130731696e+00
-2.163618584e+00
-2.195732630e+00
-2.227039200e+00
-2.257503550e+00
-2.287091693e+00
-2.315770440e+00
-2.343507959e+00
-2.370274154e+00
-2.396040668e+00
-2.420781153e+00
-2.444471274e+00
-2.467088739e+00
-2.488613359e+00
-2.509026920e+00
-2.528313185e+00
-2.546457822e+00
-2.563448370e+00
-2.579274298e+00
-2.593926814e+00
-2.607399187e+00
-2.619686391e+00
-2.630785433e+00
-2.640695241e+00
-2.649416805e+00
-2.656953133e+00
-2.663309359e+00
-2.668492755e+00
-2.672512827e+00
-2.675381361e+00
-2.677112336e+00
-2.677721994e+00
-2.677229115e+00
-2.675654442e+00
-2.673021374e+00
-2.669355530e+00
-2.664684765e+00
-2.659039456e+00
-2.652452061e+00
-2.644957539e+00
-2.636592903e+00
-2.627397471e+00
-2.617412851e+00
-2.606682502e+00
-2.595252190e+00
-2.583169438e+00
-2.570483993e+00
-2.557247142e+00
-2.543512089e+00
-2.529333369e+00
-2.514767359e+00
-2.499871591e+00
-2.484704636e+00
-2.469326555e+00
-2.453797887e+00
-2.438180001e+00
-2.422534766e+00
-2.406924492e+00
-2.391411331e+00
-2.376057430e+00
-2.360924607e+00
-2.346074091e+00
-2.331566195e+00
-2.317460158e+00
-2.303814067e+00
-2.290684169e+00
-2.278125091e+00
-2.266189275e+00
-2.254926883e+00
-2.244385534e+00
-2.234610034e+00
-2.225642153e+00
-2.217520541e+00
-2.210280361e+00
-2.203953149e+00
-2.198566801e+00
-2.194145057e+00
-2.190707974e+00
-2.188271217e+00
-2.186846211e+00
-2.186440296e+00
-2.187056230e+00
-2.188692609e+00
-2.191343421e+00
-2.194998819e+00
-2.199644261e+00
-2.205261167e+00
-2.211826947e+00
-2.219314912e+00
-2.227694757e+00
-2.236932254e+00
-2.246989832e+00
-2.257826698e+00
-2.269398913e+00
-2.281659420e+00
-2.294558833e+00
-2.308045383e+00
-2.322064915e+00
-2.336561290e+00
-2.351476913e+00
-2.366752722e+00
-2.382328318e+00
-2.398142620e+00
-2.414133627e+00
-2.430238918e+00
-2.446395962e+00
-2.462542175e+00
-2.478615130e+00
-2.494552836e+00
-2.510294086e+00
-2.525778165e+00
-2.540945505e+00
-2.555737771e+00
-2.570097681e+00
-2.583969460e+00
-2.597299084e+00
-2.610033930e+00
-2.622123188e+00
-2.633517950e+00
-2.644171498e+00
-2.654038578e+00
-2.663076735e+00
-2.671244978e+00
-2.678504997e+00
-2.684820419e+00
-2.690157312e+00
-2.694483947e+00
-2.697770850e+00
-2.699990924e+00
-2.701119403e+00
-2.701133809e+00
-2.700013824e+00
-2.697741655e+00
-2.694301775e+00
-2.689680669e+00
-2.683867542e+00
-2.676853206e+00
-2.668631126e+00
-2.659196938e+00
-2.648548118e+00
-2.636684413e+00
-2.623607762e+00
-2.609322073e+00
-2.593832886e+00
-2.577148337e+00
-2.559278172e+00
-2.540233828e+00
-2.520028814e+00
-2.498678508e+00
-2.476199696e+00
-2.452611287e+00
-2.427933527e+00
-2.402188303e+00
-2.375399423e+00
-2.347591730e+00
-2.318791661e+00
-2.289027351e+00
-2.258328038e+00
-2.226724204e+00
-2.194247990e+00
-2.160932234e+00
-2.126811312e+00
-2.091920417e+00
-2.056295956e+00
-2.019975083e+00
-1.982995919e+00
-1.945397251e+00
-1.907218768e+00
-1.868500494e+00
-1.829283319e+00
-1.789608843e+00
-1.749518920e+00
-1.709056293e+00
-1.668264530e+00
-1.627187733e+00
-1.585870609e+00
-1.544358893e+00
-1.502698141e+00
-1.460934280e+00
-1.419112563e+00
-1.377276968e+00
-1.335469456e+00
-1.293729146e+00
-1.252092086e+00
-1.210590737e+00
-1.169254884e+00
-1.128112612e+00
-1.087192938e+00
-1.046528778e+00
-1.006160425e+00
-9.661398491e-01
-9.265336951e-01
-8.874247674e-01
-8.489119392e-01
-8.111044902e-01
-7.741145886e-01
-7.380441995e-01
-7.029685592e-01
-6.689172829e-01
-6.358562962e-01
-6.036721287e-01
-5.721631616e-01
-5.410411249e-01
-5.099448905e-01
-4.784682182e-01
-4.462012185e-01
-4.127816909e-01
-3.779526542e-01
-3.416178253e-01
-3.038881368e-01
-2.651105043e-01
-2.258724007e-01
-1.869782223e-01
-1.488751498e-01
-1.184119188e-01
-9.446115868e-02
-7.564870821e-02
-6.089391645e-02
-4.933295637e-02
-4.027332468e-02
-3.316227853e-02
-2.756202201e-02
-2.312884893e-02
-1.959526110e-02
-1.675471327e-02
-1.444880765e-02
-1.255673136e-02
-1.098670486e-02
-9.669168606e-03
-8.551434499e-03
-7.593540823e-03
-6.765075606e-03
-6.042765617e-03
-5.408661843e-03
-4.848783736e-03
-4.352112190e-03
-3.909845219e-03
-3.514849852e-03
-3.161259413e-03
-2.844177897e-03
-2.559462805e-03
-2.303565091e-03
-2.073410679e-03
-1.866312023e-03
-1.679901428e-03
-1.512080109e-03
-1.360978660e-03
-1.224925829e-03
-1.102423389e-03
-9.921255301e-04
-8.928216328e-04
-8.034216363e-04
-7.229434205e-04
-6.505017911e-04
-5.852987669e-04
-5.266149494e-04
-4.738018087e-04
-4.262747596e-04
-3.835069273e-04
-3.450235240e-04
-3.103967694e-04
-2.792413000e-04
-2.512100179e-04
-2.259903382e-04
-2.033007964e-04
-1.828879819e-04
-1.645237680e-04
-1.480028104e-04
-1.331402886e-04
-1.197698679e-04
-1.077418608e-04
-9.692156935e-05
-8.718779007e-05
-7.843146739e-05
-7.055447968e-05
-6.346854597e-05
-5.709424128e-05
-5.136010986e-05
-4.620186683e-05
-4.156167948e-05
-3.738752025e-05
-3.363258445e-05
-3.025476607e-05
-2.721618610e-05
-2.448276793e-05
-2.202385517e-05
-1.981186764e-05
-1.782199156e-05
-1.603190051e-05
-1.442150390e-05
-1.297272007e-05
-1.166927122e-05
-1.049649789e-05
-9.441190260e-06
-8.491434290e-06
-7.636470277e-06
-6.866561458e-06
-6.172870216e-06
-5.547339032e-06
-4.982572932e-06
-4.471719458e-06
-4.008341219e-06
-3.586274657e-06
-3.199466760e-06
-2.841778714e-06
-2.506741822e-06
-2.187245926e-06
-1.875133613e-06
-1.560663989e-06
-1.231796807e-06
-8.732300206e-07
-4.650996310e-07
1.878231319e-08
6.133207256e-07
1.365392079e-06
2.338274927e-06
3.617684900e-06
5.319998479e-06
7.603462205e-06
1.068347360e-05
1.485341489e-05
2.051305886e-05
2.820730041e-05
3.867896765e-05
5.294083109e-05
7.237378895e-05
9.886074267e-05
1.349691330e-04
1.841998196e-04
2.513264101e-04
3.428579020e-04
4.676694361e-04
6.378622303e-04
8.699359393e-04
1.186386915e-03
1.617887042e-03
2.206253979e-03
3.008500182e-03
4.102352403e-03
5.351513568e-03
6.750051288e-03
8.291787184e-03
9.970312971e-03
1.177900692e-02
1.371105066e-02
1.575944625e-02
1.791703350e-02
2.017650755e-02
2.253043650e-02
2.497127926e-02
2.749140341e-02
3.008310310e-02
3.273861698e-02
3.545014598e-02
3.820987108e-02
4.100997089e-02
4.384263910e-02
4.670010162e-02
4.957463357e-02
5.245857591e-02
5.534435174e-02
5.822448225e-02
6.109160228e-02
6.393847546e-02
6.675800880e-02
6.954326692e-02
7.228748565e-02
7.498408516e-02
7.762668247e-02
8.020910339e-02
8.272539385e-02
8.516983060e-02
8.753693123e-02
8.982146355e-02
9.201845430e-02
9.412319710e-02
9.613125982e-02
9.803849109e-02
9.984102622e-02
1.015352923e-01
1.031180126e-01
1.045862104e-01
1.059372116e-01
1.071686472e-01
1.082784549e-01
1.092648795e-01
1.101264734e-01
1.108620954e-01
1.114709099e-01
1.119523845e-01
1.123062876e-01
1.125326847e-01
1.126319344e-01
1.126046842e-01
1.124518646e-01
1.121746839e-01
1.117746213e-01
1.112534200e-01
1.106130800e-01
1.098558498e-01
1.089842180e-01
1.080009044e-01
1.069088504e-01
1.057112097e-01
1.044113378e-01
1.030127814e-01
1.015192680e-01
9.993469418e-02
9.826311494e-02
9.650873151e-02
9.467587982e-02
9.276901845e-02
9.079271651e-02
8.875164140e-02
8.665054648e-02
8.449425872e-02
8.228766630e-02
8.003570623e-02
7.774335197e-02
7.541560121e-02
7.305746365e-02
7.067394893e-02
6.827005477e-02
6.585075520e-02
6.342098906e-02
6.098564872e-02
5.854956902e-02
5.611751655e-02
5.369417920e-02
5.128415601e-02
4.889194745e-02
4.652194596e-02
4.417842700e-02
4.186554037e-02
3.958730207e-02
3.734758655e-02
3.515011937e-02
3.299847040e-02
3.089604748e-02
2.884609050e-02
2.685166606e-02
2.491566261e-02
2.304078606e-02
2.122955595e-02
1.948430214e-02
1.780716197e-02
1.620007802e-02
1.466479631e-02
1.320286506e-02
1.181563400e-02
1.050425410e-02
9.269677886e-03
8.112660227e-03
7.033759593e-03
6.033339818e-03
5.111572319e-03
4.268438775e-03
3.503734249e-03
2.817070737e-03
2.207881138e-03
1.675423616e-03
1.218786351e-03
8.368926542e-04
5.285064421e-04
3.337404160e-04
2.107382505e-04
1.330611880e-04
8.400969364e-05
5.303623509e-05
3.347918677e-05
2.113135870e-05
1.333578366e-05
8.414577585e-06
5.308196993e-06
3.347595938e-06
2.110327222e-06
1.329663886e-06
8.372075964e-07
5.266463084e-07
3.308683271e-07
2.075112270e-07
1.298372610e-07
8.097228818e-08
5.026846198e-08
3.100788216e-08
1.895306088e-08
1.143175396e-08
6.759361366e-09
3.874468788e-09
2.108632959e-09
1.041300027e-09
4.081369579e-10
4.329709900e-11
-1.571197229e-10
-2.579389925e-10
-2.994547225e-10
-3.066169365e-10
-2.947435077e-10
-2.732641793e-10
-2.476586973e-10
-2.211236727e-10
-1.954664686e-10
-1.715650921e-10
-1.498551037e-10
-1.304143274e-10
-1.132513741e-10
-9.841193723e-11
-8.571434772e-11
-7.502679629e-11
-6.611065600e-11
-5.871028576e-11
-5.291977053e-11
-4.864132637e-11
-4.545605897e-11
-4.306373698e-11
-4.107521521e-11
-3.956392637e-11
-3.847206616e-11
-3.792477952e-11
-3.771610604e-11
-3.731718896e-11
-3.673645231e-11
-3.598427811e-11
-3.501286534e-11
-3.429182129e-11
-3.413136604e-11
-3.423712107e-11
-3.451641109e-11
-3.460463296e-11
-3.412516547e-11
-3.373912660e-11
-3.347296825e-11
-3.354012473e-11
-3.407422998e-11
-3.424724416e-11
-3.406862377e-11
-3.403114030e-11
-3.454639023e-11
-3.536780236e-11
-3.585822080e-11
-3.566467360e-11
-3.451637529e-11
-3.176878253e-11
-2.724612597e-11
-2.060400477e-11
-1.167805270e-11
5.796916425e-13
1.905689161e-11
4.724203377e-11
9.053061303e-11
1.574859235e-10
2.608187636e-10
4.203860131e-10
6.673875046e-10
1.049246003e-09
1.638957059e-09
2.548776374e-09
3.951431204e-09
6.113703732e-09
9.447643470e-09
1.458790722e-08
2.251244059e-08
3.472785976e-08
5.355523747e-08
8.256933992e-08
1.272762427e-07
1.961555507e-07
3.022635551e-07
4.657021904e-07
7.174166800e-07
1.105037669e-06
1.701867619e-06
2.620703104e-06
4.035088454e-06
6.211995512e-06
9.562060365e-06
1.471680063e-05
2.264728577e-05
3.484648184e-05
5.360939323e-05
8.246338117e-05
1.268290571e-04
1.950351242e-04
2.998764607e-04
4.610058218e-04
7.086045194e-04
1.089015000e-03
1.673382329e-03
2.570909460e-03
3.632170507e-03
4.843157704e-03
6.189921742e-03
7.658615139e-03
9.235534132e-03
1.090715899e-02
1.266019261e-02
1.448159738e-02
1.635863014e-02
1.827887517e-02
2.023027525e-02
2.220116058e-02
2.418027557e-02
2.615680354e-02
2.812038913e-02
3.006115860e-02
3.196973777e-02
3.383726778e-02
3.565541865e-02
3.741640051e-02
3.911297265e-02
4.073845041e-02
4.228670985e-02
4.375219033e-02
4.512989497e-02
4.641538911e-02
4.760479680e-02
4.869479534e-02
4.968260801e-02
5.056599500e-02
5.134324269e-02
5.201315128e-02
5.257502089e-02
5.302863629e-02
5.337425018e-02
5.361256533e-02
5.374471553e-02
5.377224545e-02
5.369708962e-02
5.352155055e-02
5.324827606e-02
5.288023607e-02
5.242069877e-02
5.187320642e-02
5.124155079e-02
5.052974844e-02
4.974201578e-02
4.888274424e-02
4.795647545e-02
4.696787654e-02
4.592171586e-02
4.482283890e-02
4.367614475e-02
4.248656310e-02
4.125903174e-02
3.999847488e-02
3.870978214e-02
3.739778837e-02
3.606725439e-02
3.472284864e-02
3.336912984e-02
3.201053068e-02
3.065134262e-02
2.929570176e-02
2.794757594e-02
2.661075293e-02
2.528882993e-02
2.398520414e-02
2.270306471e-02
2.144538582e-02
2.021492103e-02
1.901419882e-02
1.784551938e-02
1.671095258e-02
1.561233713e-02
1.455128084e-02
1.352916204e-02
1.254713210e-02
1.160611894e-02
1.070683157e-02
9.849765551e-03
9.035209446e-03
8.263251997e-03
7.533790175e-03
6.846537929e-03
6.201035614e-03
5.596660015e-03
5.032634910e-03
4.508042109e-03
4.021832886e-03
3.572839744e-03
3.159788444e-03
2.781310221e-03
2.435954120e-03
2.122199379e-03
1.838467797e-03
1.583136006e-03
1.354547589e-03
1.151024978e-03
9.708810607e-04
8.124304390e-04
6.740002808e-04
5.539407026e-04
4.506346311e-04
3.625070911e-04
2.880338701e-04
2.257495135e-04
1.742546077e-04
1.322223106e-04
9.840409277e-05
7.163465473e-05
5.083598997e-05
3.502056383e-05
2.329358215e-05
1.485432299e-05
8.996506185e-06
5.107672095e-06
2.667540330e-06
1.245305213e-06
4.958160029e-07
1.545581318e-07
3.130371782e-08
2.199023334e-09
-1.846146403e-10
