8.957273576e-01
8.970072411e-01
8.993482044e-01
9.023745123e-01
9.059340318e-01
9.099479093e-01
9.143699021e-01
9.191708730e-01
9.243316346e-01
9.298392004e-01
9.356846291e-01
9.418616871e-01
9.483659644e-01
9.551942525e-01
9.623440822e-01
9.698133615e-01
9.776000770e-01
9.857020382e-01
9.941166511e-01
1.002840713e+00
1.011870224e+00
1.021200211e+00
1.030824567e+00
1.040735903e+00
1.050925410e+00
1.061382743e+00
1.072095912e+00
1.083051200e+00
1.094233094e+00
1.105624236e+00
1.117205406e+00
1.128955512e+00
1.140851621e+00
1.152869005e+00
1.164981215e+00
1.177160181e+00
1.189376336e+00
1.201598769e+00
1.213795396e+00
1.225933154e+00
1.237978223e+00
1.249896252e+00
1.261652619e+00
1.273212687e+00
1.284542083e+00
1.295606976e+00
1.306374363e+00
1.316812352e+00
1.326890446e+00
1.336579812e+00
1.345853548e+00
1.354686928e+00
1.363057635e+00
1.370945968e+00
1.378335029e+00
1.385210885e+00
1.391562692e+00
1.397382801e+00
1.402666823e+00
1.407413668e+00
1.411625542e+00
1.415307916e+00
1.418469468e+00
1.421121978e+00
1.423280205e+00
1.424961729e+00
1.426186771e+00
1.426977980e+00
1.427360205e+00
1.427360249e+00
1.427006604e+00
1.426329174e+00
1.425358989e+00
1.424127916e+00
1.422668370e+00
1.421013014e+00
1.419194482e+00
1.417245093e+00
1.415196584e+00
1.413079851e+00
1.410924711e+00
1.408759674e+00
1.406611735e+00
1.404506190e+00
1.402466464e+00
1.400513971e+00
1.398667985e+00
1.396945543e+00
1.395361356e+00
1.393927758e+00
1.392654661e+00
1.391549539e+00
1.390617427e+00
1.389860940e+00
1.389280310e+00
1.388873437e+00
1.388635964e+00
1.388561354e+00
1.388640993e+00
1.388864305e+00
1.389218875e+00
1.389690593e+00
1.390263807e+00
1.390921487e+00
1.391645407e+00
1.392416340e+00
1.393214262e+00
1.394018570e+00
1.394808318e+00
1.395562459e+00
1.396260105e+00
1.396880795e+00
1.397404772e+00
1.397813277e+00
1.398088835e+00
1.398215561e+00
1.398179454e+00
1.397968698e+00
1.397573947e+00
1.396988599e+00
1.396209059e+00
1.395234969e+00
1.394069421e+00
1.392719127e+00
1.391194563e+00
2.138951007e+01
2.138785027e+01
2.138623325e+01
2.138467633e+01
2.138319592e+01
2.138180740e+01
2.138052504e+01
2.137936193e+01
2.137833001e+01
2.137744003e+01
2.137670163e+01
2.137612334e+01
2.137571266e+01
2.137547612e+01
2.137541933e+01
2.137554706e+01
2.137586331e+01
2.137637136e+01
2.137707384e+01
2.137797282e+01
2.137906981e+01
2.138036590e+01
2.138186171e+01
2.138355753e+01
2.138545332e+01
2.138754875e+01
2.138984327e+01
2.139233612e+01
2.139502636e+01
2.139791293e+01
2.140099464e+01
2.140427022e+01
2.140773833e+01
2.141139758e+01
2.141524654e+01
2.141928378e+01
2.142350783e+01
2.142791724e+01
2.143251057e+01
2.143728637e+01
2.144224322e+01
2.144737971e+01
2.145269447e+01
2.145818612e+01
2.146385333e+01
2.146969483e+01
2.147570936e+01
2.148189577e+01
2.148825300e+01
2.149478011e+01
2.150147635e+01
2.150834119e+01
2.151537436e+01
2.152257594e+01
2.152994634e+01
2.153748643e+01
2.154519749e+01
2.155308125e+01
2.156113987e+01
2.156937592e+01
2.157779232e+01
2.158639225e+01
2.159517914e+01
2.160415652e+01
2.161332798e+01
2.162269708e+01
2.163226726e+01
2.164204180e+01
2.165202370e+01
2.166221569e+01
2.167262008e+01
2.168323876e+01
2.169407311e+01
2.170512395e+01
2.171639145e+01
2.172787504e+01
2.173957338e+01
2.175148423e+01
2.176360434e+01
2.177592943e+01
2.178845398e+01
2.180117120e+01
2.181407289e+01
2.182714929e+01
2.184038902e+01
2.185377893e+01
2.186730397e+01
2.188094713e+01
2.189468928e+01
2.190850913e+01
2.192238317e+01
2.193628558e+01
2.195018824e+01
2.196406075e+01
2.197787050e+01
2.199158274e+01
2.200516079e+01
2.201856623e+01
2.203175921e+01
2.204469885e+01
2.205734365e+01
2.206965208e+01
2.208158322e+01
2.209309748e+01
2.210415742e+01
2.211472870e+01
2.212478104e+01
2.213428928e+01
2.214323440e+01
2.215160469e+01
2.215939663e+01
2.216661587e+01
2.217327791e+01
2.217940848e+01
2.218504353e+01
2.219022867e+01
2.219501774e+01
2.219947050e+01
2.220364880e+01
2.220761118e+01
2.221140474e+01
2.221505421e+01
2.221854631e+01
2.222180814e+01
2.222467702e+01
2.226858071e+00
2.231385199e+00
2.238113765e+00
2.246838483e+00
2.257309851e+00
2.269251458e+00
2.282376626e+00
2.296403896e+00
2.311070234e+00
2.326141776e+00
2.341421480e+00
2.356753772e+00
2.372026181e+00
2.387168359e+00
2.402148665e+00
2.416969240e+00
2.431659697e+00
2.446270247e+00
2.460864848e+00
2.475514525e+00
2.490291678e+00
2.505265154e+00
2.520496730e+00
2.536038536e+00
2.551931871e+00
2.568206829e+00
2.584883001e+00
2.601970522e+00
2.619471897e+00
2.637383787e+00
2.655698970e+00
2.674407956e+00
2.693500740e+00
2.712967905e+00
2.732801614e+00
2.752996136e+00
2.773548038e+00
2.794456363e+00
2.815722199e+00
2.837348513e+00
2.859339544e+00
2.881700581e+00
2.904437131e+00
2.927554903e+00
2.951059281e+00
2.974954965e+00
2.999245990e+00
3.023935480e+00
3.049025654e+00
3.074517815e+00
3.100412300e+00
3.126708620e+00
3.153405461e+00
3.180500761e+00
3.207991753e+00
3.235874893e+00
3.264146061e+00
3.292800226e+00
3.321831798e+00
3.351234287e+00
3.381000411e+00
3.411121927e+00
3.441589676e+00
3.472393441e+00
3.503521927e+00
3.534962636e+00
3.566701794e+00
3.598724424e+00
3.631014236e+00
3.663553329e+00
3.696322733e+00
3.729301687e+00
3.762468037e+00
3.795798183e+00
3.829266767e+00
3.862847065e+00
3.896510534e+00
3.930227219e+00
3.963965462e+00
3.997691873e+00
4.031371729e+00
4.064968479e+00
4.098444245e+00
4.131759315e+00
4.164872782e+00
4.197742127e+00
4.230323757e+00
4.262572450e+00
4.294442002e+00
4.325885296e+00
4.356853811e+00
4.387298588e+00
4.417169837e+00
4.446417228e+00
4.474989904e+00
4.502837043e+00
4.529907666e+00
4.556150922e+00
4.581516310e+00
4.605953969e+00
4.629414805e+00
4.651850529e+00
4.673214319e+00
4.693460565e+00
4.712545405e+00
4.730426795e+00
4.747064740e+00
4.762421545e+00
4.776462011e+00
4.789153501e+00
4.800466286e+00
4.810373666e+00
4.818851968e+00
4.825881053e+00
4.831443823e+00
4.835526930e+00
4.838120602e+00
4.839218499e+00
4.838818193e+00
4.836920755e+00
4.833531195e+00
4.828657695e+00
4.822312472e+00
4.814511129e+00
4.805272632e+00
4.794619415e+00
4.782576901e+00
4.769173831e+00
4.754441701e+00
4.738414649e+00
4.721129410e+00
4.702625305e+00
4.682943475e+00
4.662126962e+00
4.640220738e+00
4.617271330e+00
4.593326326e+00
4.568434415e+00
4.542645286e+00
4.516009017e+00
4.488576338e+00
4.460398176e+00
4.431525377e+00
4.402008690e+00
4.371898597e+00
4.341245074e+00
4.310097285e+00
4.278503915e+00
4.246512559e+00
4.214169677e+00
4.181520820e+00
4.148610219e+00
4.115480580e+00
4.082173487e+00
4.048729030e+00
4.015185755e+00
3.981580428e+00
3.947948798e+00
3.914324310e+00
3.880739480e+00
3.847224717e+00
3.813809113e+00
3.780519982e+00
3.747383125e+00
3.714422832e+00
3.681661787e+00
3.649121154e+00
3.616820655e+00
3.584778731e+00
3.553012209e+00
3.521536595e+00
3.490366349e+00
3.459514214e+00
3.428992349e+00
3.398811307e+00
3.368980542e+00
3.339508754e+00
3.310403484e+00
3.281671204e+00
3.253317548e+00
3.225347673e+00
3.197765295e+00
3.170573682e+00
3.143775585e+00
3.117372846e+00
3.091366615e+00
3.065757798e+00
3.040546340e+00
3.015732004e+00
2.991314055e+00
2.967290968e+00
2.943661300e+00
2.920423109e+00
2.897573834e+00
2.875110864e+00
2.853031372e+00
2.831331873e+00
2.810009154e+00
2.789059401e+00
2.768478883e+00
2.748263519e+00
2.728409302e+00
2.708912040e+00
2.689767607e+00
2.670971665e+00
2.652520177e+00
2.634408828e+00
2.616633121e+00
2.599188786e+00
2.582071077e+00
2.565274786e+00
2.548794464e+00
2.532624288e+00
2.516757579e+00
2.501187929e+00
2.485908593e+00
2.470913462e+00
2.456197584e+00
2.441757839e+00
2.427593688e+00
2.413707323e+00
2.400104110e+00
2.386791586e+00
2.373778419e+00
2.361071680e+00
2.348673803e+00
2.336579011e+00
2.324768940e+00
2.313209549e+00
2.301849545e+00
2.290620387e+00
2.279441855e+00
2.268229475e+00
2.256907513e+00
2.245425409e+00
2.233776566e+00
2.222016319e+00
2.210277540e+00
2.198779286e+00
2.187825189e+00
2.177789561e+00
2.169089533e+00
2.162143479e+00
2.157319569e+00
2.154878127e+00
2.154916052e+00
2.157320207e+00
2.161738583e+00
2.167575673e+00
2.174016111e+00
2.021805989e+02
2.021804585e+02
2.021747032e+02
2.021646854e+02
2.021514621e+02
2.021358718e+02
2.021185800e+02
2.021001120e+02
2.020808772e+02
2.020611908e+02
2.020412919e+02
2.020213591e+02
2.020015233e+02
2.019818785e+02
2.019624909e+02
2.019434052e+02
2.019246502e+02
2.019062433e+02
2.018881933e+02
2.018705030e+02
2.018531707e+02
2.018361921e+02
2.018195606e+02
2.018032687e+02
2.017873076e+02
2.017716686e+02
2.017563425e+02
2.017413202e+02
2.017265927e+02
2.017121512e+02
2.016979872e+02
2.016840923e+02
2.016704585e+02
2.016570780e+02
2.016439434e+02
2.016310475e+02
2.016183834e+02
2.016059443e+02
2.015937240e+02
2.015817162e+02
2.015699149e+02
2.015583146e+02
2.015469095e+02
2.015356946e+02
2.015246645e+02
2.015138145e+02
2.015031397e+02
2.014926355e+02
2.014822977e+02
2.014721218e+02
2.014621037e+02
2.014522396e+02
2.014425254e+02
2.014329577e+02
2.014235326e+02
2.014142469e+02
2.014050971e+02
2.013960800e+02
2.013871925e+02
2.013784316e+02
2.013697942e+02
2.013612776e+02
2.013528791e+02
2.013445959e+02
2.013364255e+02
2.013283654e+02
2.013204132e+02
2.013125665e+02
2.013048231e+02
2.012971807e+02
2.012896372e+02
2.012821905e+02
2.012748386e+02
2.012675796e+02
2.012604115e+02
2.012533325e+02
2.012463409e+02
2.012394348e+02
2.012326125e+02
2.012258725e+02
2.012192131e+02
2.012126328e+02
2.012061300e+02
2.011997033e+02
2.011933512e+02
2.011870724e+02
2.011808654e+02
2.011747290e+02
2.011686619e+02
2.011626628e+02
2.011567304e+02
2.011508637e+02
2.011450613e+02
2.011393223e+02
2.011336455e+02
2.011280298e+02
2.011224742e+02
2.011169776e+02
2.011115391e+02
2.011061578e+02
2.011008326e+02
2.010955628e+02
2.010903474e+02
2.010851857e+02
2.010800769e+02
2.010750203e+02
2.010700152e+02
2.010650613e+02
2.010601580e+02
2.010553052e+02
2.010505028e+02
2.010457512e+02
2.010410508e+02
2.010364030e+02
2.010318096e+02
2.010272734e+02
2.010227985e+02
2.010183908e+02
2.010140586e+02
2.010098132e+02
2.010056706e+02
2.010016527e+02
2.009977895e+02
2.009941224e+02
2.009907077e+02
9.876226372e-01
9.847303645e-01
9.820244192e-01
9.794981026e-01
9.771444967e-01
9.749564797e-01
9.729267430e-01
9.710478076e-01
9.693120419e-01
9.677116782e-01
9.662388308e-01
9.648855132e-01
9.636436560e-01
9.625051244e-01
9.614617361e-01
9.605052789e-01
9.596275281e-01
9.588202640e-01
9.580752893e-01
9.573844459e-01
9.567396317e-01
9.561328174e-01
9.555560622e-01
9.550015297e-01
9.544615038e-01
9.539284030e-01
9.533947952e-01
9.528534119e-01
9.522971614e-01
9.517191419e-01
9.511126542e-01
9.504712130e-01
9.497885583e-01
9.490586663e-01
9.482757588e-01
9.474343128e-01
9.465290691e-01
9.455550401e-01
9.445075169e-01
9.433820760e-01
9.421745848e-01
9.408812071e-01
9.394984068e-01
9.380229521e-01
9.364519178e-01
9.347826880e-01
9.330129571e-01
9.311407305e-01
9.291643249e-01
9.270823672e-01
9.248937934e-01
9.225978463e-01
9.201940727e-01
9.176823200e-01
9.150627322e-01
9.123357453e-01
9.095020814e-01
9.065627436e-01
9.035190090e-01
9.003724217e-01
8.971247854e-01
8.937781554e-01
8.903348298e-01
8.867973407e-01
8.831684447e-01
8.794511131e-01
8.756485218e-01
8.717640404e-01
8.678012219e-01
8.637637909e-01
8.596556327e-01
8.554807814e-01
8.512434081e-01
8.469478088e-01
8.425983924e-01
8.381996682e-01
8.337562338e-01
8.292727624e-01
8.247539906e-01
8.202047060e-01
8.156297345e-01
8.110339283e-01
8.064221537e-01
8.017992788e-01
7.971701616e-01
7.925396383e-01
7.879125118e-01
7.832935405e-01
7.786874266e-01
7.740988062e-01
7.695322383e-01
7.649921947e-01
7.604830503e-01
7.560090736e-01
7.515744177e-01
7.471831117e-01
7.428390523e-01
7.385459964e-01
7.343075532e-01
7.301271781e-01
7.260081656e-01
7.219536436e-01
7.179665686e-01
7.140497198e-01
7.102056955e-01
7.064369089e-01
7.027455849e-01
6.991337570e-01
6.956032655e-01
6.921557552e-01
6.887926743e-01
6.855152739e-01
6.823246074e-01
6.792215310e-01
6.762067043e-01
6.732805919e-01
6.704434646e-01
6.676954021e-01
6.650362952e-01
6.624658496e-01
6.599835885e-01
6.575888574e-01
6.552808278e-01
6.530585026e-01
6.509207206e-01
4.006488662e+02
4.006469349e+02
4.006450849e+02
4.006432897e+02
4.006415325e+02
4.006398027e+02
4.006380936e+02
4.006364008e+02
4.006347217e+02
4.006330544e+02
4.006313979e+02
4.006297514e+02
4.006281144e+02
4.006264866e+02
4.006248677e+02
4.006232576e+02
4.006216561e+02
4.006200631e+02
4.006184785e+02
4.006169022e+02
4.006153342e+02
4.006137743e+02
4.006122226e+02
4.006106789e+02
4.006091431e+02
4.006076153e+02
4.006060954e+02
4.006045832e+02
4.006030787e+02
4.006015820e+02
4.006000928e+02
4.005986111e+02
4.005971370e+02
4.005956703e+02
4.005942109e+02
4.005927589e+02
4.005913141e+02
4.005898765e+02
4.005884461e+02
4.005870228e+02
4.005856065e+02
4.005841972e+02
4.005827948e+02
4.005813993e+02
4.005800106e+02
4.005786288e+02
4.005772536e+02
4.005758851e+02
4.005745233e+02
4.005731680e+02
4.005718193e+02
4.005704770e+02
4.005691412e+02
4.005678118e+02
4.005664887e+02
4.005651719e+02
4.005638614e+02
4.005625571e+02
4.005612589e+02
4.005599668e+02
4.005586809e+02
4.005574009e+02
4.005561269e+02
4.005548589e+02
4.005535968e+02
4.005523405e+02
4.005510900e+02
4.005498453e+02
4.005486064e+02
4.005473731e+02
4.005461455e+02
4.005449235e+02
4.005437071e+02
4.005424963e+02
4.005412909e+02
4.005400910e+02
4.005388965e+02
4.005377074e+02
4.005365236e+02
4.005353452e+02
4.005341720e+02
4.005330041e+02
4.005318413e+02
4.005306838e+02
4.005295313e+02
4.005283840e+02
4.005272417e+02
4.005261045e+02
4.005249722e+02
4.005238450e+02
4.005227226e+02
4.005216052e+02
4.005204926e+02
4.005193848e+02
4.005182819e+02
4.005171837e+02
4.005160902e+02
4.005150015e+02
4.005139174e+02
4.005128380e+02
4.005117632e+02
4.005106930e+02
4.005096274e+02
4.005085663e+02
4.005075098e+02
4.005064577e+02
4.005054102e+02
4.005043673e+02
4.005033289e+02
4.005022952e+02
4.005012664e+02
4.005002426e+02
4.004992242e+02
4.004982119e+02
4.004972066e+02
4.004962097e+02
4.004952235e+02
4.004942516e+02
4.004932994e+02
4.004923750e+02
4.004914913e+02
4.004906680e+02
4.004899351e+02
4.004893391e+02
4.004889509e+02
4.888798664e-01
4.889764611e-01
4.892266699e-01
4.896165196e-01
4.901321390e-01
4.907598011e-01
4.914859627e-01
4.922973038e-01
4.931807639e-01
4.941235772e-01
4.951133054e-01
4.961378690e-01
4.971855761e-01
4.982451492e-01
4.993057497e-01
5.003570008e-01
5.013890073e-01
5.023923738e-01
5.033582203e-01
5.042781960e-01
5.051444902e-01
5.059498416e-01
5.066875452e-01
5.073514569e-01
5.079359957e-01
5.084361451e-01
5.088474504e-01
5.091660162e-01
5.093885003e-01
5.095121067e-01
5.095345763e-01
5.094541766e-01
5.092696889e-01
5.089803946e-01
5.085860599e-01
5.080869191e-01
5.074836567e-01
5.067773883e-01
5.059696405e-01
5.050623301e-01
5.040577418e-01
5.029585059e-01
5.017675748e-01
5.004881994e-01
4.991239047e-01
4.976784655e-01
4.961558814e-01
4.945603519e-01
4.928962519e-01
4.911681064e-01
4.893805662e-01
4.875383832e-01
4.856463867e-01
4.837094599e-01
4.817325164e-01
4.797204782e-01
4.776782539e-01
4.756107173e-01
4.735226880e-01
4.714189114e-01
4.693040406e-01
4.671826193e-01
4.650590651e-01
4.629376545e-01
4.608225090e-01
4.587175815e-01
4.566266453e-01
4.545532830e-01
4.525008776e-01
4.504726039e-01
4.484714219e-01
4.465000711e-01
4.445610660e-01
4.426566928e-01
4.407890079e-01
4.389598360e-01
4.371707716e-01
4.354231794e-01
4.337181975e-01
4.320567404e-01
4.304395040e-01
4.288669708e-01
4.273394163e-01
4.258569164e-01
4.244193551e-01
4.230264338e-01
4.216776801e-01
4.203724582e-01
4.191099795e-01
4.178893135e-01
4.167093989e-01
4.155690563e-01
4.144669992e-01
4.134018467e-01
4.123721361e-01
4.113763346e-01
4.104128523e-01
4.094800541e-01
4.085762719e-01
4.076998166e-01
4.068489897e-01
4.060220943e-01
4.052174463e-01
4.044333846e-01
4.036682809e-01
4.029205492e-01
4.021886542e-01
4.014711196e-01
4.007665351e-01
4.000735631e-01
3.993909442e-01
3.987175026e-01
3.980521496e-01
3.973938873e-01
3.967418104e-01
3.960951078e-01
3.954530629e-01
3.948150531e-01
3.941805479e-01
3.935491064e-01
3.929203735e-01
3.922940746e-01
3.916700096e-01
3.910480449e-01
3.904281033e-01
