1.511504406e+00
1.523527655e+00
1.537653580e+00
1.553296681e+00
1.570222677e+00
1.588309504e+00
1.607482108e+00
1.627687095e+00
1.648880590e+00
1.671021477e+00
1.694067151e+00
1.717970596e+00
1.742678210e+00
1.768128131e+00
1.794248908e+00
1.820958485e+00
1.848163462e+00
1.875758633e+00
1.903626836e+00
1.931639102e+00
1.959655156e+00
1.987524256e+00
2.015086400e+00
2.042173894e+00
2.068613276e+00
2.094227582e+00
2.118838921e+00
2.142271316e+00
2.164353770e+00
2.184923480e+00
2.203829131e+00
2.220934198e+00
2.236120144e+00
2.249289446e+00
2.260368336e+00
2.269309180e+00
2.276092392e+00
2.280727812e+00
2.283255482e+00
2.283745768e+00
2.282298771e+00
2.279043056e+00
2.274133649e+00
2.267749382e+00
2.260089596e+00
2.251370308e+00
2.241819901e+00
2.231674477e+00
2.221172980e+00
2.210552231e+00
2.200042014e+00
2.189860342e+00
2.180209074e+00
2.171269961e+00
2.163201274e+00
2.156135093e+00
2.150175322e+00
2.145396491e+00
2.141843343e+00
2.139531245e+00
2.138447318e+00
2.138552301e+00
2.139783015e+00
2.142055368e+00
2.145267743e+00
2.149304701e+00
2.154040821e+00
2.159344575e+00
2.165082124e+00
2.171120911e+00
2.177332933e+00
2.183597659e+00
2.189804494e+00
2.195854726e+00
2.201663022e+00
2.207158334e+00
2.212284369e+00
2.216999535e+00
2.221276491e+00
2.225101330e+00
2.228472430e+00
2.231399092e+00
2.233899995e+00
2.236001580e+00
2.237736365e+00
2.239141338e+00
2.240256399e+00
2.241122970e+00
2.241782737e+00
2.242276633e+00
2.242644004e+00
2.242922014e+00
2.243145273e+00
2.243345715e+00
2.243552589e+00
2.243792763e+00
2.244091063e+00
2.244470811e+00
2.244954399e+00
2.245563959e+00
2.246322002e+00
2.247252003e+00
2.248378962e+00
2.249729741e+00
2.251333286e+00
2.253220591e+00
2.255424375e+00
2.257978477e+00
2.260916856e+00
2.264272261e+00
2.268074505e+00
2.272348318e+00
2.277110906e+00
2.282369114e+00
2.288116363e+00
2.294329449e+00
2.300965232e+00
2.307957438e+00
2.315213737e+00
2.322613200e+00
2.330004472e+00
2.337204751e+00
2.343999863e+00
2.350145556e+00
2.355370291e+00
2.235937957e+01
2.236251588e+01
2.236476471e+01
2.236610635e+01
2.236651987e+01
2.236598609e+01
2.236448963e+01
2.236202040e+01
2.235857454e+01
2.235415498e+01
2.234877172e+01
2.234244175e+01
2.233518893e+01
2.232704357e+01
2.231804200e+01
2.230822599e+01
2.229764214e+01
2.228634122e+01
2.227437755e+01
2.226180824e+01
2.224869266e+01
2.223509167e+01
2.222106716e+01
2.220668141e+01
2.219199661e+01
2.217707437e+01
2.216197537e+01
2.214675892e+01
2.213148272e+01
2.211620255e+01
2.210097209e+01
2.208584273e+01
2.207086346e+01
2.205608080e+01
2.204153871e+01
2.202727862e+01
2.201333944e+01
2.199975758e+01
2.198656708e+01
2.197379961e+01
2.196148468e+01
2.194964969e+01
2.193832010e+01
2.192751958e+01
2.191727017e+01
2.190759242e+01
2.189850560e+01
2.189002781e+01
2.188217624e+01
2.187496726e+01
2.186841664e+01
2.186253971e+01
2.185735156e+01
2.185286717e+01
2.184910160e+01
2.184607019e+01
2.184378869e+01
2.184227347e+01
2.184154169e+01
2.184161150e+01
2.184250219e+01
2.184423441e+01
2.184683035e+01
2.185031385e+01
2.185471064e+01
2.186004837e+01
2.186635672e+01
2.187366742e+01
2.188201425e+01
2.189143291e+01
2.190196094e+01
2.191363749e+01
2.192650313e+01
2.194059953e+01
2.195596919e+01
2.197265500e+01
2.199069992e+01
2.201014642e+01
2.203103604e+01
2.205340875e+01
2.207730234e+01
2.210275166e+01
2.212978786e+01
2.215843746e+01
2.218872141e+01
2.222065402e+01
2.225424186e+01
2.228948251e+01
2.232636330e+01
2.236485997e+01
2.240493532e+01
2.244653777e+01
2.248960002e+01
2.253403765e+01
2.257974789e+01
2.262660839e+01
2.267447632e+01
2.272318750e+01
2.277255598e+01
2.282237389e+01
2.287241175e+01
2.292241924e+01
2.297212663e+01
2.302124678e+01
2.306947793e+01
2.311650722e+01
2.316201507e+01
2.320568044e+01
2.324718686e+01
2.328622935e+01
2.332252207e+01
2.335580658e+01
2.338586063e+01
2.341250714e+01
2.343562337e+01
2.345514975e+01
2.347109834e+01
2.348356056e+01
2.349271416e+01
2.349882960e+01
2.350227585e+01
2.350352706e+01
2.350317117e+01
2.350192359e+01
2.350065015e+01
3.500406487e+00
3.497530041e+00
3.493422521e+00
3.489284816e+00
3.486079686e+00
3.484515825e+00
3.485050871e+00
3.487911248e+00
3.493124393e+00
3.500559351e+00
3.509971147e+00
3.521044812e+00
3.533435774e+00
3.546803884e+00
3.560839486e+00
3.575281400e+00
3.589926244e+00
3.604630820e+00
3.619308601e+00
3.633921883e+00
3.648471844e+00
3.662987180e+00
3.677513613e+00
3.692104397e+00
3.706812922e+00
3.721687284e+00
3.736767278e+00
3.752082784e+00
3.767654128e+00
3.783493148e+00
3.799604954e+00
3.815989706e+00
3.832644654e+00
3.849565642e+00
3.866748172e+00
3.884188294e+00
3.901882777e+00
3.919829458e+00
3.938026801e+00
3.956473860e+00
3.975169722e+00
3.994113618e+00
4.013304110e+00
4.032739450e+00
4.052417340e+00
4.072334613e+00
4.092487738e+00
4.112872453e+00
4.133484186e+00
4.154317759e+00
4.175367694e+00
4.196628147e+00
4.218092900e+00
4.239755227e+00
4.261608230e+00
4.283644457e+00
4.305856061e+00
4.328234408e+00
4.350770794e+00
4.373455539e+00
4.396278646e+00
4.419229304e+00
4.442296155e+00
4.465467302e+00
4.488730063e+00
4.512071252e+00
4.535476810e+00
4.558932276e+00
4.582422449e+00
4.605931221e+00
4.629442359e+00
4.652938473e+00
4.676401802e+00
4.699813903e+00
4.723155577e+00
4.746407268e+00
4.769548486e+00
4.792558572e+00
4.815415912e+00
4.838098523e+00
4.860584068e+00
4.882849494e+00
4.904871594e+00
4.926626399e+00
4.948089963e+00
4.969237610e+00
4.990045096e+00
5.010487185e+00
5.030538939e+00
5.050175447e+00
5.069371372e+00
5.088101665e+00
5.106341444e+00
5.124065860e+00
5.141250225e+00
5.157870551e+00
5.173902810e+00
5.189323734e+00
5.204110432e+00
5.218240674e+00
5.231693118e+00
5.244446750e+00
5.256481929e+00
5.267779470e+00
5.278321468e+00
5.288090961e+00
5.297072083e+00
5.305250151e+00
5.312611792e+00
5.319144801e+00
5.324838327e+00
5.329683013e+00
5.333670683e+00
5.336795018e+00
5.339050591e+00
5.340433895e+00
5.340942887e+00
5.340576859e+00
5.339336751e+00
5.337224918e+00
5.334245602e+00
5.330403796e+00
5.325706506e+00
5.320162218e+00
5.313780421e+00
5.306572373e+00
5.298550151e+00
5.289727782e+00
5.280119962e+00
5.269742614e+00
5.258612832e+00
5.246749029e+00
5.234170122e+00
5.220895918e+00
5.206947441e+00
5.192346172e+00
5.177114388e+00
5.161274772e+00
5.144850769e+00
5.127866024e+00
5.110344831e+00
5.092311433e+00
5.073790766e+00
5.054807364e+00
5.035386311e+00
5.015552584e+00
4.995330690e+00
4.974745956e+00
4.953822631e+00
4.932585212e+00
4.911057812e+00
4.889264449e+00
4.867228215e+00
4.844972435e+00
4.822519656e+00
4.799892175e+00
4.777111273e+00
4.754198417e+00
4.731173883e+00
4.708057860e+00
4.684869517e+00
4.661627797e+00
4.638350629e+00
4.615055633e+00
4.591759709e+00
4.568478851e+00
4.545228738e+00
4.522024245e+00
4.498879735e+00
4.475808632e+00
4.452823969e+00
4.429938191e+00
4.407162733e+00
4.384509015e+00
4.361987430e+00
4.339607709e+00
4.317379476e+00
4.295311347e+00
4.273411550e+00
4.251687630e+00
4.230147309e+00
4.208796714e+00
4.187642144e+00
4.166689510e+00
4.145944149e+00
4.125410587e+00
4.105093637e+00
4.084997105e+00
4.065124808e+00
4.045480007e+00
4.026065507e+00
4.006884134e+00
3.987938284e+00
3.969229676e+00
3.950760182e+00
3.932531537e+00
3.914544471e+00
3.896800408e+00
3.879299801e+00
3.862043400e+00
3.845031330e+00
3.828263771e+00
3.811740478e+00
3.795461360e+00
3.779425694e+00
3.763633265e+00
3.748083486e+00
3.732775645e+00
3.717709804e+00
3.702885427e+00
3.688302358e+00
3.673960024e+00
3.659857808e+00
3.645993602e+00
3.632365232e+00
3.618968966e+00
3.605800980e+00
3.592857614e+00
3.580137384e+00
3.567642068e+00
3.555377477e+00
3.543353699e+00
3.531581587e+00
3.520067862e+00
3.508805271e+00
3.497761910e+00
3.486871637e+00
3.476028245e+00
3.465092862e+00
3.453917945e+00
3.442392036e+00
3.430508652e+00
3.418446750e+00
3.406651239e+00
3.395887944e+00
3.387242141e+00
3.382029367e+00
3.381597858e+00
3.387016515e+00
3.398670519e+00
3.415820507e+00
3.436208989e+00
3.455818726e+00
3.468890892e+00
3.468282917e+00
3.446199657e+00
3.395255614e+00
3.309747131e+00
3.186938381e+00
3.028118748e+00
2.028346163e+02
2.026609180e+02
2.025087203e+02
2.023758389e+02
2.022605358e+02
2.021611118e+02
2.020758156e+02
2.020028772e+02
2.019405746e+02
2.018872948e+02
2.018415751e+02
2.018021251e+02
2.017678314e+02
2.017377511e+02
2.017110978e+02
2.016872239e+02
2.016656016e+02
2.016458047e+02
2.016274915e+02
2.016103894e+02
2.015942824e+02
2.015789995e+02
2.015644060e+02
2.015503958e+02
2.015368852e+02
2.015238083e+02
2.015111131e+02
2.014987581e+02
2.014867106e+02
2.014749439e+02
2.014634366e+02
2.014521710e+02
2.014411327e+02
2.014303094e+02
2.014196905e+02
2.014092672e+02
2.013990314e+02
2.013889763e+02
2.013790953e+02
2.013693828e+02
2.013598335e+02
2.013504424e+02
2.013412048e+02
2.013321166e+02
2.013231734e+02
2.013143715e+02
2.013057071e+02
2.012971765e+02
2.012887764e+02
2.012805034e+02
2.012723545e+02
2.012643264e+02
2.012564163e+02
2.012486214e+02
2.012409387e+02
2.012333658e+02
2.012259001e+02
2.012185389e+02
2.012112800e+02
2.012041209e+02
2.011970595e+02
2.011900936e+02
2.011832210e+02
2.011764396e+02
2.011697476e+02
2.011631428e+02
2.011566236e+02
2.011501880e+02
2.011438343e+02
2.011375608e+02
2.011313657e+02
2.011252476e+02
2.011192049e+02
2.011132359e+02
2.011073393e+02
2.011015136e+02
2.010957574e+02
2.010900694e+02
2.010844481e+02
2.010788924e+02
2.010734010e+02
2.010679727e+02
2.010626062e+02
2.010573005e+02
2.010520544e+02
2.010468668e+02
2.010417367e+02
2.010366630e+02
2.010316448e+02
2.010266810e+02
2.010217708e+02
2.010169131e+02
2.010121072e+02
2.010073522e+02
2.010026472e+02
2.009979916e+02
2.009933845e+02
2.009888255e+02
2.009843138e+02
2.009798490e+02
2.009754308e+02
2.009710589e+02
2.009667335e+02
2.009624548e+02
2.009582236e+02
2.009540412e+02
2.009499093e+02
2.009458311e+02
2.009418108e+02
2.009378542e+02
2.009339699e+02
2.009301697e+02
2.009264696e+02
2.009228920e+02
2.009194676e+02
2.009162384e+02
2.009132617e+02
2.009106162e+02
2.009084090e+02
2.009067864e+02
2.009059482e+02
2.009061667e+02
2.009078132e+02
2.009113944e+02
2.009176005e+02
9.273729690e-01
9.390535283e-01
9.525675010e-01
9.678370218e-01
9.847813242e-01
1.003316985e+00
1.023358170e+00
1.044816891e+00
1.067603251e+00
1.091625707e+00
1.116791322e+00
1.143006018e+00
1.170174830e+00
1.198202159e+00
1.226992015e+00
1.256448260e+00
1.286474849e+00
1.316976061e+00
1.347856723e+00
1.379022433e+00
1.410379767e+00
1.441836491e+00
1.473301750e+00
1.504686258e+00
1.535902480e+00
1.566864800e+00
1.597489679e+00
1.627695812e+00
1.657404267e+00
1.686538619e+00
1.715025072e+00
1.742792576e+00
1.769772929e+00
1.795900873e+00
1.821114182e+00
1.845353738e+00
1.868563601e+00
1.890691067e+00
1.911686724e+00
1.931504491e+00
1.950101657e+00
1.967438906e+00
1.983480342e+00
1.998193499e+00
2.011549348e+00
2.023522298e+00
2.034090189e+00
2.043234276e+00
2.050939217e+00
2.057193039e+00
2.061987116e+00
2.065316129e+00
2.067178023e+00
2.067573969e+00
2.066508304e+00
2.063988482e+00
2.060025013e+00
2.054631396e+00
2.047824055e+00
2.039622265e+00
2.030048074e+00
2.019126227e+00
2.006884079e+00
1.993351512e+00
1.978560840e+00
1.962546718e+00
1.945346046e+00
1.926997869e+00
1.907543271e+00
1.887025274e+00
1.865488727e+00
1.842980195e+00
1.819547847e+00
1.795241341e+00
1.770111704e+00
1.744211214e+00
1.717593275e+00
1.690312300e+00
1.662423579e+00
1.633983156e+00
1.605047703e+00
1.575674388e+00
1.545920747e+00
1.515844557e+00
1.485503700e+00
1.454956041e+00
1.424259291e+00
1.393470880e+00
1.362647833e+00
1.331846635e+00
1.301123110e+00
1.270532297e+00
1.240128325e+00
1.209964295e+00
1.180092163e+00
1.150562624e+00
1.121425003e+00
1.092727146e+00
1.064515319e+00
1.036834106e+00
1.009726316e+00
9.832328940e-01
9.573928350e-01
9.322431056e-01
9.078185708e-01
8.841519257e-01
8.612736349e-01
8.392118772e-01
8.179924970e-01
7.976389625e-01
7.781723311e-01
7.596112211e-01
7.419717905e-01
7.252677238e-01
7.095102245e-01
6.947080160e-01
6.808673488e-01
6.679920151e-01
6.560833704e-01
6.451403617e-01
6.351595629e-01
6.261352159e-01
6.180592794e-01
6.109214824e-01
6.047093850e-01
4.005994084e+02
4.005955130e+02
4.005925083e+02
4.005900691e+02
4.005879901e+02
4.005861413e+02
4.005844407e+02
4.005828365e+02
4.005812960e+02
4.005797984e+02
4.005783305e+02
4.005768842e+02
4.005754542e+02
4.005740370e+02
4.005726306e+02
4.005712336e+02
4.005698451e+02
4.005684646e+02
4.005670916e+02
4.005657259e+02
4.005643673e+02
4.005630156e+02
4.005616709e+02
4.005603328e+02
4.005590015e+02
4.005576769e+02
4.005563588e+02
4.005550472e+02
4.005537421e+02
4.005524434e+02
4.005511511e+02
4.005498651e+02
4.005485854e+02
4.005473118e+02
4.005460445e+02
4.005447833e+02
4.005435282e+02
4.005422791e+02
4.005410360e+02
4.005397988e+02
4.005385675e+02
4.005373422e+02
4.005361226e+02
4.005349088e+02
4.005337007e+02
4.005324983e+02
4.005313015e+02
4.005301104e+02
4.005289248e+02
4.005277448e+02
4.005265702e+02
4.005254011e+02
4.005242374e+02
4.005230791e+02
4.005219261e+02
4.005207783e+02
4.005196359e+02
4.005184986e+02
4.005173665e+02
4.005162396e+02
4.005151178e+02
4.005140011e+02
4.005128893e+02
4.005117826e+02
4.005106809e+02
4.005095841e+02
4.005084922e+02
4.005074051e+02
4.005063229e+02
4.005052455e+02
4.005041728e+02
4.005031049e+02
4.005020417e+02
4.005009831e+02
4.004999292e+02
4.004988799e+02
4.004978351e+02
4.004967949e+02
4.004957592e+02
4.004947280e+02
4.004937013e+02
4.004926789e+02
4.004916610e+02
4.004906474e+02
4.004896382e+02
4.004886332e+02
4.004876326e+02
4.004866362e+02
4.004856440e+02
4.004846560e+02
4.004836722e+02
4.004826925e+02
4.004817170e+02
4.004807455e+02
4.004797781e+02
4.004788148e+02
4.004778555e+02
4.004769003e+02
4.004759491e+02
4.004750019e+02
4.004740589e+02
4.004731200e+02
4.004721855e+02
4.004712555e+02
4.004703304e+02
4.004694108e+02
4.004684975e+02
4.004675920e+02
4.004666964e+02
4.004658140e+02
4.004649498e+02
4.004641118e+02
4.004633120e+02
4.004625690e+02
4.004619113e+02
4.004613829e+02
4.004610513e+02
4.004610202e+02
4.004614492e+02
4.004625831e+02
4.004647982e+02
4.004686720e+02
4.004750917e+02
4.004854188e+02
4.005017432e+02
5.272721429e-01
5.576051702e-01
5.923251965e-01
6.310167815e-01
6.732676559e-01
7.186702022e-01
7.668228661e-01
8.173314919e-01
8.698105728e-01
9.238844140e-01
9.791882016e-01
1.035368976e+00
1.092086510e+00
1.149014083e+00
1.205839167e+00
1.262264009e+00
1.318006123e+00
1.372798691e+00
1.426390875e+00
1.478548044e+00
1.529051930e+00
1.577700697e+00
1.624308948e+00
1.668707668e+00
1.710744098e+00
1.750281563e+00
1.787199246e+00
1.821391914e+00
1.852769607e+00
1.881257284e+00
1.906794443e+00
1.929334705e+00
1.948845378e+00
1.965306994e+00
1.978712828e+00
1.989068400e+00
1.996390968e+00
2.000708994e+00
2.002061616e+00
2.000498106e+00
1.996077310e+00
1.988867102e+00
1.978943815e+00
1.966391680e+00
1.951302257e+00
1.933773864e+00
1.913911007e+00
1.891823811e+00
1.867627443e+00
1.841441549e+00
1.813389681e+00
1.783598732e+00
1.752198373e+00
1.719320497e+00
1.685098662e+00
1.649667546e+00
1.613162407e+00
1.575718551e+00
1.537470807e+00
1.498553022e+00
1.459097556e+00
1.419234801e+00
1.379092708e+00
1.338796340e+00
1.298467430e+00
1.258223974e+00
1.218179837e+00
1.178444380e+00
1.139122122e+00
1.100312420e+00
1.062109179e+00
1.024600591e+00
9.878689088e-01
9.519902429e-01
9.170343984e-01
8.830647413e-01
8.501380997e-01
8.183046989e-01
7.876081312e-01
7.580853599e-01
7.297667578e-01
7.026761790e-01
6.768310642e-01
6.522425782e-01
6.289157784e-01
6.068498130e-01
5.860381481e-01
5.664688211e-01
5.481247188e-01
5.309838788e-01
5.150198107e-01
5.002018367e-01
4.864954470e-01
4.738626695e-01
4.622624498e-01
4.516510394e-01
4.419823899e-01
4.332085491e-01
4.252800584e-01
4.181463468e-01
4.117561201e-01
4.060577424e-01
4.009996074e-01
3.965304967e-01
3.925999244e-01
3.891584629e-01
3.861580509e-01
3.835522793e-01
3.812966550e-01
3.793488394e-01
3.776688606e-01
3.762192986e-01
3.749654411e-01
3.738754090e-01
3.729202512e-01
3.720740065e-01
3.713137332e-01
3.706195036e-01
3.699743638e-01
3.693642563e-01
3.687779050e-01
3.682066583e-01
3.676442875e-01
3.670867319e-01
3.665317757e-01
