1.100403466e+00
1.104922208e+00
1.110904558e+00
1.117880327e+00
1.125659558e+00
1.134143111e+00
1.143271305e+00
1.153004260e+00
1.163312777e+00
1.174173528e+00
1.185566272e+00
1.197472120e+00
1.209872392e+00
1.222747824e+00
1.236077992e+00
1.249840882e+00
1.264012566e+00
1.278566953e+00
1.293475591e+00
1.308707533e+00
1.324229241e+00
1.340004533e+00
1.355994574e+00
1.372157915e+00
1.388450562e+00
1.404826102e+00
1.421235866e+00
1.437629139e+00
1.453953411e+00
1.470154675e+00
1.486177764e+00
1.501966728e+00
1.517465243e+00
1.532617061e+00
1.547366476e+00
1.561658822e+00
1.575440978e+00
1.588661889e+00
1.601273085e+00
1.613229196e+00
1.624488453e+00
1.635013166e+00
1.644770178e+00
1.653731274e+00
1.661873555e+00
1.669179752e+00
1.675638489e+00
1.681244476e+00
1.685998648e+00
1.689908213e+00
1.692986647e+00
1.695253598e+00
1.696734726e+00
1.697461466e+00
1.697470718e+00
1.696804475e+00
1.695509383e+00
1.693636255e+00
1.691239519e+00
1.688376646e+00
1.685107529e+00
1.681493848e+00
1.677598417e+00
1.673484526e+00
1.669215296e+00
1.664853039e+00
1.660458645e+00
1.656091008e+00
1.651806480e+00
1.647658382e+00
1.643696563e+00
1.639967012e+00
1.636511542e+00
1.633367520e+00
1.630567682e+00
1.628139988e+00
1.626107563e+00
1.624488678e+00
1.623296802e+00
1.622540697e+00
1.622224570e+00
1.622348253e+00
1.622907435e+00
1.623893909e+00
1.625295848e+00
1.627098101e+00
1.629282488e+00
1.631828109e+00
1.634711640e+00
1.637907633e+00
1.641388796e+00
1.645126256e+00
1.649089807e+00
1.653248138e+00
1.657569031e+00
1.662019541e+00
1.666566154e+00
1.671174920e+00
1.675811561e+00
1.680441577e+00
1.685030322e+00
1.689543079e+00
1.693945124e+00
1.698201794e+00
1.702278552e+00
1.706141069e+00
1.709755309e+00
1.713087644e+00
1.716104978e+00
1.718774910e+00
1.721065919e+00
1.722947579e+00
1.724390815e+00
1.725368181e+00
1.725854174e+00
1.725825583e+00
1.725261851e+00
1.724145461e+00
1.722462338e+00
1.720202242e+00
1.717359165e+00
1.713931706e+00
1.709923423e+00
1.705343147e+00
1.700205258e+00
2.169452992e+01
2.168857563e+01
2.168240271e+01
2.167606625e+01
2.166961650e+01
2.166309927e+01
2.165655622e+01
2.165002517e+01
2.164354037e+01
2.163713275e+01
2.163083019e+01
2.162465773e+01
2.161863776e+01
2.161279030e+01
2.160713309e+01
2.160168187e+01
2.159645048e+01
2.159145102e+01
2.158669402e+01
2.158218856e+01
2.157794241e+01
2.157396212e+01
2.157025314e+01
2.156681993e+01
2.156366604e+01
2.156079424e+01
2.155820654e+01
2.155590430e+01
2.155388834e+01
2.155215893e+01
2.155071593e+01
2.154955878e+01
2.154868662e+01
2.154809832e+01
2.154779248e+01
2.154776756e+01
2.154802184e+01
2.154855352e+01
2.154936071e+01
2.155044147e+01
2.155179388e+01
2.155341599e+01
2.155530590e+01
2.155746178e+01
2.155988184e+01
2.156256439e+01
2.156550787e+01
2.156871083e+01
2.157217194e+01
2.157589009e+01
2.157986431e+01
2.158409392e+01
2.158857846e+01
2.159331782e+01
2.159831229e+01
2.160356257e+01
2.160906995e+01
2.161483628e+01
2.162086414e+01
2.162715684e+01
2.163371855e+01
2.164055424e+01
2.164766981e+01
2.165507198e+01
2.166276832e+01
2.167076717e+01
2.167907759e+01
2.168770926e+01
2.169667245e+01
2.170597788e+01
2.171563670e+01
2.172566039e+01
2.173606068e+01
2.174684953e+01
2.175803902e+01
2.176964130e+01
2.178166849e+01
2.179413263e+01
2.180704556e+01
2.182041884e+01
2.183426358e+01
2.184859035e+01
2.186340898e+01
2.187872844e+01
2.189455659e+01
2.191089996e+01
2.192776357e+01
2.194515062e+01
2.196306220e+01
2.198149704e+01
2.200045113e+01
2.201991743e+01
2.203988547e+01
2.206034104e+01
2.208126579e+01
2.210263685e+01
2.212442651e+01
2.214660186e+01
2.216912445e+01
2.219195008e+01
2.221502850e+01
2.223830331e+01
2.226171186e+01
2.228518530e+01
2.230864872e+01
2.233202145e+01
2.235521751e+01
2.237814622e+01
2.240071306e+01
2.242282067e+01
2.244437011e+01
2.246526229e+01
2.248539967e+01
2.250468806e+01
2.252303866e+01
2.254037010e+01
2.255661054e+01
2.257169967e+01
2.258559036e+01
2.259824998e+01
2.260966086e+01
2.261981975e+01
2.262873571e+01
2.263642578e+01
2.264290768e+01
2.648188366e+00
2.652945134e+00
2.657463138e+00
2.662008324e+00
2.666819823e+00
2.672104190e+00
2.678031283e+00
2.684732163e+00
2.692298703e+00
2.700785009e+00
2.710210269e+00
2.720562849e+00
2.731805287e+00
2.743879872e+00
2.756714357e+00
2.770227747e+00
2.784335568e+00
2.798954587e+00
2.814006830e+00
2.829422593e+00
2.845142706e+00
2.861119720e+00
2.877318438e+00
2.893715554e+00
2.910298832e+00
2.927065701e+00
2.944021702e+00
2.961178577e+00
2.978552572e+00
2.996162665e+00
3.014029058e+00
3.032171753e+00
3.050609649e+00
3.069359703e+00
3.088436479e+00
3.107851902e+00
3.127615177e+00
3.147733048e+00
3.168209916e+00
3.189048296e+00
3.210249068e+00
3.231812031e+00
3.253735966e+00
3.276019219e+00
3.298659809e+00
3.321655519e+00
3.345004177e+00
3.368703583e+00
3.392751584e+00
3.417145993e+00
3.441884496e+00
3.466964613e+00
3.492383558e+00
3.518138138e+00
3.544224693e+00
3.570638913e+00
3.597375872e+00
3.624429745e+00
3.651794036e+00
3.679461264e+00
3.707423079e+00
3.735670119e+00
3.764192067e+00
3.792977591e+00
3.822014310e+00
3.851288771e+00
3.880786383e+00
3.910491513e+00
3.940387402e+00
3.970455976e+00
4.000678248e+00
4.031033790e+00
4.061501047e+00
4.092057278e+00
4.122678360e+00
4.153339067e+00
4.184012745e+00
4.214671636e+00
4.245286627e+00
4.275827311e+00
4.306262231e+00
4.336558562e+00
4.366682478e+00
4.396598811e+00
4.426271523e+00
4.455663410e+00
4.484736561e+00
4.513451898e+00
4.541769726e+00
4.569649768e+00
4.597050853e+00
4.623931588e+00
4.650250154e+00
4.675964475e+00
4.701032282e+00
4.725411535e+00
4.749060247e+00
4.771936782e+00
4.793999967e+00
4.815209328e+00
4.835525222e+00
4.854908819e+00
4.873322643e+00
4.890730346e+00
4.907097138e+00
4.922389821e+00
4.936576964e+00
4.949629079e+00
4.961518774e+00
4.972220794e+00
4.981712262e+00
4.989972783e+00
4.996984418e+00
5.002732068e+00
5.007203079e+00
5.010387790e+00
5.012279381e+00
5.012873772e+00
5.012169942e+00
5.010169662e+00
5.006877794e+00
5.002301699e+00
4.996451893e+00
4.989341597e+00
4.980986638e+00
4.971405593e+00
4.960619386e+00
4.948651594e+00
4.935527939e+00
4.921276266e+00
4.905926504e+00
4.889510644e+00
4.872062159e+00
4.853616076e+00
4.834209024e+00
4.813878882e+00
4.792664504e+00
4.770605661e+00
4.747743008e+00
4.724117625e+00
4.699771202e+00
4.674745655e+00
4.649083033e+00
4.622825333e+00
4.596014509e+00
4.568692212e+00
4.540899547e+00
4.512677413e+00
4.484065865e+00
4.455104250e+00
4.425831229e+00
4.396284556e+00
4.366500835e+00
4.336515888e+00
4.306364397e+00
4.276079915e+00
4.245694621e+00
4.215239914e+00
4.184745475e+00
4.154240196e+00
4.123751371e+00
4.093305243e+00
4.062926639e+00
4.032639207e+00
4.002465360e+00
3.972426193e+00
3.942541615e+00
3.912830335e+00
3.883309982e+00
3.853996861e+00
3.824906200e+00
3.796052292e+00
3.767448048e+00
3.739105798e+00
3.711036560e+00
3.683250389e+00
3.655756667e+00
3.628563744e+00
3.601679076e+00
3.575109347e+00
3.548860779e+00
3.522938343e+00
3.497346586e+00
3.472089532e+00
3.447170423e+00
3.422591826e+00
3.398356049e+00
3.374464570e+00
3.350918623e+00
3.327718961e+00
3.304865711e+00
3.282358953e+00
3.260198331e+00
3.238382955e+00
3.216911841e+00
3.195783768e+00
3.174996898e+00
3.154549500e+00
3.134439221e+00
3.114663587e+00
3.095219629e+00
3.076104183e+00
3.057313705e+00
3.038844521e+00
3.020692678e+00
3.002854518e+00
2.985326446e+00
2.968105281e+00
2.951188868e+00
2.934575779e+00
2.918265599e+00
2.902258993e+00
2.886557422e+00
2.871162123e+00
2.856073930e+00
2.841291343e+00
2.826809458e+00
2.812618328e+00
2.798701696e+00
2.785036213e+00
2.771591397e+00
2.758331422e+00
2.745217998e+00
2.732215762e+00
2.719298891e+00
2.706459614e+00
2.693717469e+00
2.681127417e+00
2.668786364e+00
2.656835519e+00
2.645456126e+00
2.634858998e+00
2.625263756e+00
2.616870149e+00
2.609821672e+00
2.604164334e+00
2.599804238e+00
2.596470500e+00
2.593689023e+00
2.590773506e+00
2.586839745e+00
2.580846627e+00
2.571664536e+00
2.558169336e+00
2.539354549e+00
2.514452570e+00
2.483051187e+00
2.445191328e+00
2.401431456e+00
2.352866261e+00
2.023004079e+02
2.022519683e+02
2.022077528e+02
2.021672802e+02
2.021301333e+02
2.020959303e+02
2.020643178e+02
2.020349707e+02
2.020075944e+02
2.019819268e+02
2.019577381e+02
2.019348297e+02
2.019130319e+02
2.018922014e+02
2.018722177e+02
2.018529803e+02
2.018344058e+02
2.018164248e+02
2.017989799e+02
2.017820233e+02
2.017655152e+02
2.017494223e+02
2.017337165e+02
2.017183740e+02
2.017033742e+02
2.016886995e+02
2.016743344e+02
2.016602651e+02
2.016464795e+02
2.016329665e+02
2.016197159e+02
2.016067186e+02
2.015939659e+02
2.015814499e+02
2.015691631e+02
2.015570983e+02
2.015452489e+02
2.015336084e+02
2.015221709e+02
2.015109305e+02
2.014998816e+02
2.014890190e+02
2.014783375e+02
2.014678322e+02
2.014574983e+02
2.014473315e+02
2.014373272e+02
2.014274812e+02
2.014177894e+02
2.014082480e+02
2.013988532e+02
2.013896011e+02
2.013804885e+02
2.013715117e+02
2.013626676e+02
2.013539528e+02
2.013453644e+02
2.013368994e+02
2.013285547e+02
2.013203278e+02
2.013122158e+02
2.013042161e+02
2.012963262e+02
2.012885437e+02
2.012808661e+02
2.012732911e+02
2.012658166e+02
2.012584402e+02
2.012511600e+02
2.012439739e+02
2.012368799e+02
2.012298761e+02
2.012229606e+02
2.012161316e+02
2.012093874e+02
2.012027262e+02
2.011961463e+02
2.011896463e+02
2.011832244e+02
2.011768791e+02
2.011706091e+02
2.011644127e+02
2.011582887e+02
2.011522357e+02
2.011462523e+02
2.011403372e+02
2.011344892e+02
2.011287071e+02
2.011229896e+02
2.011173356e+02
2.011117440e+02
2.011062137e+02
2.011007436e+02
2.010953327e+02
2.010899800e+02
2.010846846e+02
2.010794454e+02
2.010742618e+02
2.010691328e+02
2.010640577e+02
2.010590360e+02
2.010540669e+02
2.010491501e+02
2.010442855e+02
2.010394729e+02
2.010347126e+02
2.010300055e+02
2.010253528e+02
2.010207566e+02
2.010162200e+02
2.010117473e+02
2.010073452e+02
2.010030224e+02
2.009987917e+02
2.009946702e+02
2.009906819e+02
2.009868597e+02
2.009832484e+02
2.009799096e+02
2.009769276e+02
2.009744173e+02
2.009725357e+02
2.009714972e+02
2.009715941e+02
2.009732252e+02
9.769344194e-01
9.817666907e-01
9.876799885e-01
9.946305969e-01
1.002573201e+00
1.011461002e+00
1.021245831e+00
1.031878272e+00
1.043307778e+00
1.055482794e+00
1.068350880e+00
1.081858834e+00
1.095952817e+00
1.110578477e+00
1.125681072e+00
1.141205596e+00
1.157096903e+00
1.173299828e+00
1.189759309e+00
1.206420506e+00
1.223228922e+00
1.240130517e+00
1.257071825e+00
1.274000061e+00
1.290863237e+00
1.307610261e+00
1.324191046e+00
1.340556607e+00
1.356659156e+00
1.372452199e+00
1.387890618e+00
1.402930764e+00
1.417530528e+00
1.431649424e+00
1.445248657e+00
1.458291191e+00
1.470741811e+00
1.482567178e+00
1.493735884e+00
1.504218497e+00
1.513987605e+00
1.523017851e+00
1.531285966e+00
1.538770795e+00
1.545453320e+00
1.551316672e+00
1.556346147e+00
1.560529208e+00
1.563855490e+00
1.566316790e+00
1.567907063e+00
1.568622404e+00
1.568461030e+00
1.567423260e+00
1.565511478e+00
1.562730109e+00
1.559085576e+00
1.554586260e+00
1.549242457e+00
1.543066321e+00
1.536071820e+00
1.528274671e+00
1.519692285e+00
1.510343698e+00
1.500249510e+00
1.489431811e+00
1.477914109e+00
1.465721259e+00
1.452879379e+00
1.439415779e+00
1.425358873e+00
1.410738100e+00
1.395583839e+00
1.379927326e+00
1.363800565e+00
1.347236241e+00
1.330267635e+00
1.312928536e+00
1.295253153e+00
1.277276025e+00
1.259031938e+00
1.240555835e+00
1.221882733e+00
1.203047635e+00
1.184085449e+00
1.165030905e+00
1.145918472e+00
1.126782284e+00
1.107656056e+00
1.088573015e+00
1.069565825e+00
1.050666515e+00
1.031906412e+00
1.013316079e+00
9.949252451e-01
9.767627544e-01
9.588565038e-01
9.412333916e-01
9.239192668e-01
9.069388826e-01
8.903158525e-01
8.740726107e-01
8.582303748e-01
8.428091134e-01
8.278275163e-01
8.133029688e-01
7.992515291e-01
7.856879102e-01
7.726254644e-01
7.600761726e-01
7.480506354e-01
7.365580702e-01
7.256063093e-01
7.152018037e-01
7.053496284e-01
6.960534927e-01
6.873157527e-01
6.791374272e-01
6.715182174e-01
6.644565286e-01
6.579494957e-01
6.519930110e-01
6.465817550e-01
6.417092295e-01
6.373677937e-01
4.006335487e+02
4.006305318e+02
4.006280250e+02
4.006258434e+02
4.006238705e+02
4.006220327e+02
4.006202832e+02
4.006185927e+02
4.006169426e+02
4.006153210e+02
4.006137205e+02
4.006121364e+02
4.006105657e+02
4.006090064e+02
4.006074572e+02
4.006059174e+02
4.006043865e+02
4.006028640e+02
4.006013498e+02
4.005998436e+02
4.005983453e+02
4.005968548e+02
4.005953720e+02
4.005938969e+02
4.005924293e+02
4.005909692e+02
4.005895165e+02
4.005880712e+02
4.005866332e+02
4.005852024e+02
4.005837789e+02
4.005823625e+02
4.005809531e+02
4.005795508e+02
4.005781554e+02
4.005767670e+02
4.005753854e+02
4.005740107e+02
4.005726427e+02
4.005712814e+02
4.005699268e+02
4.005685788e+02
4.005672374e+02
4.005659025e+02
4.005645740e+02
4.005632519e+02
4.005619363e+02
4.005606269e+02
4.005593238e+02
4.005580270e+02
4.005567363e+02
4.005554517e+02
4.005541733e+02
4.005529009e+02
4.005516345e+02
4.005503741e+02
4.005491196e+02
4.005478709e+02
4.005466281e+02
4.005453911e+02
4.005441598e+02
4.005429343e+02
4.005417144e+02
4.005405001e+02
4.005392915e+02
4.005380883e+02
4.005368907e+02
4.005356986e+02
4.005345119e+02
4.005333306e+02
4.005321546e+02
4.005309840e+02
4.005298186e+02
4.005286585e+02
4.005275037e+02
4.005263539e+02
4.005252094e+02
4.005240699e+02
4.005229355e+02
4.005218061e+02
4.005206817e+02
4.005195623e+02
4.005184479e+02
4.005173383e+02
4.005162336e+02
4.005151337e+02
4.005140387e+02
4.005129484e+02
4.005118628e+02
4.005107820e+02
4.005097058e+02
4.005086343e+02
4.005075674e+02
4.005065050e+02
4.005054473e+02
4.005043940e+02
4.005033453e+02
4.005023011e+02
4.005012613e+02
4.005002259e+02
4.004991950e+02
4.004981686e+02
4.004971466e+02
4.004961291e+02
4.004951163e+02
4.004941082e+02
4.004931051e+02
4.004921075e+02
4.004911160e+02
4.004901316e+02
4.004891559e+02
4.004881914e+02
4.004872418e+02
4.004863130e+02
4.004854140e+02
4.004845585e+02
4.004837679e+02
4.004830749e+02
4.004825297e+02
4.004822095e+02
4.004822329e+02
4.004827823e+02
4.004841375e+02
4.004867281e+02
4.004912138e+02
4.986070530e-01
5.075212872e-01
5.178260904e-01
5.293915679e-01
5.420887860e-01
5.557901841e-01
5.703699696e-01
5.857044957e-01
6.016726185e-01
6.181560342e-01
6.350395952e-01
6.522116032e-01
6.695640807e-01
6.869930186e-01
7.043986010e-01
7.216854065e-01
7.387625861e-01
7.555440179e-01
7.719484389e-01
7.878995544e-01
8.033261250e-01
8.181620326e-01
8.323463244e-01
8.458232380e-01
8.585422060e-01
8.704578422e-01
8.815299094e-01
8.917232710e-01
9.010078249e-01
9.093584237e-01
9.167547785e-01
9.231813503e-01
9.286272283e-01
9.330859960e-01
9.365555863e-01
9.390381265e-01
9.405397742e-01
9.410705438e-01
9.406441263e-01
9.392777015e-01
9.369917448e-01
9.338098276e-01
9.297584143e-01
9.248666547e-01
9.191661741e-01
9.126908602e-01
9.054766492e-01
8.975613108e-01
8.889842328e-01
8.797862063e-01
8.700092126e-01
8.596962111e-01
8.488909307e-01
8.376376633e-01
8.259810622e-01
8.139659441e-01
8.016370965e-01
7.890390906e-01
7.762161005e-01
7.632117286e-01
7.500688392e-01
7.368293989e-01
7.235343255e-01
7.102233460e-01
6.969348627e-01
6.837058299e-01
6.705716392e-01
6.575660155e-01
6.447209238e-01
6.320664850e-01
6.196309043e-01
6.074404088e-01
5.955191973e-01
5.838894000e-01
5.725710500e-01
5.615820651e-01
5.509382405e-01
5.406532522e-01
5.307386704e-01
5.212039835e-01
5.120566317e-01
5.033020497e-01
4.949437186e-01
4.869832268e-01
4.794203384e-01
4.722530692e-01
4.654777703e-01
4.590892174e-01
4.530807064e-01
4.474441538e-01
4.421702020e-01
4.372483283e-01
4.326669566e-01
4.284135724e-01
4.244748386e-01
4.208367133e-01
4.174845669e-01
4.144032997e-01
4.115774582e-01
4.089913492e-01
4.066291521e-01
4.044750279e-01
4.025132246e-01
4.007281783e-01
3.991046097e-01
3.976276145e-01
3.962827490e-01
3.950561089e-01
3.939344005e-01
3.929050063e-01
3.919560412e-01
3.910764024e-01
3.902558100e-01
3.894848390e-01
3.887549433e-01
3.880584697e-01
3.873886630e-01
3.867396613e-01
3.861064816e-01
3.854849945e-01
3.848718891e-01
3.842646249e-01
3.836613720e-01
3.830609356e-01
3.824626608e-01
