4.453676090e-05 -2.522132150e-03 -2.667413146e-14 4.451381898e-16 1.159480835e-05 -5.423435509e-05
8.905368809e-05 -5.043094607e-03 -5.330878767e-14 8.293288760e-16 2.318110411e-05 -1.083929138e-04
1.335309137e-04 -7.561715785e-03 -7.992360959e-14 1.214806415e-15 3.475036978e-05 -1.623999335e-04
1.779485580e-04 -1.007682351e-02 -1.064911012e-13 1.599550278e-15 4.629409263e-05 -2.161798473e-04
2.222867438e-04 -1.258724589e-02 -1.330387172e-13 1.901807051e-15 5.780377250e-05 -2.696573770e-04
2.665256092e-04 -1.509181204e-02 -1.595187255e-13 2.178016152e-15 6.927092900e-05 -3.227576428e-04
3.106453188e-04 -1.758935282e-02 -1.859055460e-13 2.458310321e-15 8.068710837e-05 -3.754062712e-04
3.546260747e-04 -2.007870145e-02 -2.121809310e-13 2.799441509e-15 9.204389034e-05 -4.275295021e-04
3.984481273e-04 -2.255869419e-02 -2.382969907e-13 3.092621793e-15 1.033328948e-04 -4.790542945e-04
4.420917855e-04 -2.502817094e-02 -2.642575642e-13 3.400693264e-15 1.145457881e-04 -5.299084299e-04
4.855374269e-04 -2.748597587e-02 -2.900469154e-13 3.674212161e-15 1.256742902e-04 -5.800206161e-04
5.287655075e-04 -2.993095804e-02 -3.156949072e-13 3.889398918e-15 1.367101803e-04 -6.293205884e-04
5.717565723e-04 -3.236197196e-02 -3.413076052e-13 4.140140122e-15 1.476453038e-04 -6.777392092e-04
6.144912642e-04 -3.477787824e-02 -3.665452438e-13 4.363275094e-15 1.584715782e-04 -7.252085666e-04
6.569503342e-04 -3.717754412e-02 -3.917882444e-13 4.660353003e-15 1.691809996e-04 -7.716620708e-04
6.991146506e-04 -3.955984409e-02 -4.167945635e-13 4.920245669e-15 1.797656486e-04 -8.170345486e-04
7.409652088e-04 -4.192366043e-02 -4.414617720e-13 5.085332064e-15 1.902176968e-04 -8.612623360e-04
7.824831403e-04 -4.426788383e-02 -4.659619980e-13 5.371973862e-15 2.005294121e-04 -9.042833682e-04
8.236497222e-04 -4.659141390e-02 -4.902909716e-13 5.815869368e-15 2.106931654e-04 -9.460372680e-04
8.644463862e-04 -4.889315975e-02 -5.142296849e-13 5.992113935e-15 2.207014358e-04 -9.864654315e-04
9.048547276e-04 -5.117204055e-02 -5.378444177e-13 6.212823675e-15 2.305468167e-04 -1.025511111e-03
9.448565145e-04 -5.342698604e-02 -5.613123643e-13 6.516156093e-15 2.402220213e-04 -1.063119494e-03
9.844336965e-04 -5.565693711e-02 -5.843834892e-13 6.742374129e-15 2.497198882e-04 -1.099237786e-03
1.023568413e-03 -5.786084632e-02 -6.072317293e-13 7.023344790e-15 2.590333869e-04 -1.133815277e-03
1.062243003e-03 -6.003767838e-02 -6.296165370e-13 7.106780647e-15 2.681556231e-04 -1.166803421e-03
1.100440013e-03 -6.218641073e-02 -6.517956347e-13 7.391681632e-15 2.770798438e-04 -1.198155901e-03
1.138142204e-03 -6.430603402e-02 -6.736817258e-13 7.649445811e-15 2.857994428e-04 -1.227828695e-03
1.175332561e-03 -6.639555260e-02 -6.950164641e-13 7.765749675e-15 2.943079653e-04 -1.255780139e-03
1.211994304e-03 -6.845398505e-02 -7.161389298e-13 7.815253441e-15 3.025991130e-04 -1.281970986e-03
1.248110890e-03 -7.048036463e-02 -7.369332906e-13 8.043610212e-15 3.106667489e-04 -1.306364461e-03
1.283666025e-03 -7.247373977e-02 -7.571632847e-13 8.287704023e-15 3.185049019e-04 -1.328926311e-03
1.318643672e-03 -7.443317455e-02 -7.768970899e-13 8.366695566e-15 3.261077713e-04 -1.349624859e-03
1.353028056e-03 -7.635774917e-02 -7.963975120e-13 8.740465911e-15 3.334697312e-04 -1.368431043e-03
1.386803674e-03 -7.824656037e-02 -8.155704007e-13 8.923380442e-15 3.405853347e-04 -1.385318460e-03
1.419955302e-03 -8.009872188e-02 -8.340825663e-13 9.173170967e-15 3.474493181e-04 -1.400263403e-03
1.452468000e-03 -8.191336491e-02 -8.522052972e-13 9.355957900e-15 3.540566047e-04 -1.413244893e-03
1.484327120e-03 -8.368963848e-02 -8.698654754e-13 9.578852636e-15 3.604023090e-04 -1.424244713e-03
1.515518317e-03 -8.542670994e-02 -8.871924502e-13 9.817117352e-15 3.664817398e-04 -1.433247425e-03
1.546027548e-03 -8.712376528e-02 -9.038291143e-13 9.900561743e-15 3.722904041e-04 -1.440240403e-03
1.575841086e-03 -8.878000960e-02 -9.200844797e-13 1.043242222e-14 3.778240107e-04 -1.445213839e-03
1.604945522e-03 -9.039466746e-02 -9.359845792e-13 1.063580756e-14 3.830784727e-04 -1.448160768e-03
1.633327773e-03 -9.196698328e-02 -9.511351962e-13 1.079137290e-14 3.880499112e-04 -1.449077068e-03
1.660975087e-03 -9.349622167e-02 -9.658975250e-13 1.117737810e-14 3.927346580e-04 -1.447961472e-03
1.687875051e-03 -9.498166783e-02 -9.802132473e-13 1.135837025e-14 3.971292582e-04 -1.444815568e-03
1.714015594e-03 -9.642262788e-02 -9.940467282e-13 1.163227677e-14 4.012304730e-04 -1.439643796e-03
1.739384995e-03 -9.781842917e-02 -1.006990690e-12 1.176563126e-14 4.050352819e-04 -1.432453440e-03
1.763971887e-03 -9.916842065e-02 -1.019571230e-12 1.210444065e-14 4.085408853e-04 -1.423254622e-03
1.787765264e-03 -1.004719732e-01 -1.031529604e-12 1.224038424e-14 4.117447060e-04 -1.412060284e-03
1.810754485e-03 -1.017284797e-01 -1.042997736e-12 1.247667531e-14 4.146443916e-04 -1.398886168e-03
1.832929276e-03 -1.029373559e-01 -1.054124461e-12 1.263907855e-14 4.172378161e-04 -1.383750800e-03
1.854279743e-03 -1.040980399e-01 -1.064303982e-12 1.262720792e-14 4.195230815e-04 -1.366675458e-03
1.874796366e-03 -1.052099932e-01 -1.073953395e-12 1.254875420e-14 4.214985189e-04 -1.347684142e-03
1.894470013e-03 -1.062727003e-01 -1.083167326e-12 1.274411573e-14 4.231626903e-04 -1.326803543e-03
1.913291937e-03 -1.072856695e-01 -1.091609832e-12 1.294576996e-14 4.245143891e-04 -1.304063004e-03
1.931253784e-03 -1.082484327e-01 -1.099431441e-12 1.283062434e-14 4.255526412e-04 -1.279494476e-03
1.948347599e-03 -1.091605460e-01 -1.106631451e-12 1.300251248e-14 4.262767057e-04 -1.253132477e-03
1.964565821e-03 -1.100215896e-01 -1.113208510e-12 1.299432521e-14 4.266860755e-04 -1.225014038e-03
1.979901297e-03 -1.108311682e-01 -1.119198138e-12 1.295419941e-14 4.267804774e-04 -1.195178655e-03
1.994347280e-03 -1.115889110e-01 -1.124886327e-12 1.304130485e-14 4.265598725e-04 -1.163668230e-03
2.007897429e-03 -1.122944722e-01 -1.129607975e-12 1.314213884e-14 4.260244561e-04 -1.130527014e-03
2.020545821e-03 -1.129475308e-01 -1.133613229e-12 1.299594635e-14 4.251746576e-04 -1.095801542e-03
2.032286946e-03 -1.135477910e-01 -1.137002688e-12 1.324405544e-14 4.240111399e-04 -1.059540570e-03
2.043115710e-03 -1.140949823e-01 -1.139715002e-12 1.309686419e-14 4.225347990e-04 -1.021795001e-03
2.053027443e-03 -1.145888596e-01 -1.141741913e-12 1.328915890e-14 4.207467636e-04 -9.826178195e-04
2.062017896e-03 -1.150292032e-01 -1.143198685e-12 1.334218030e-14 4.186483936e-04 -9.420640108e-04
2.070083246e-03 -1.154158191e-01 -1.143898776e-12 1.332088608e-14 4.162412793e-04 -9.001904862e-04
2.077220094e-03 -1.157485392e-01 -1.144070534e-12 1.329436629e-14 4.135272406e-04 -8.570560015e-04
2.083425472e-03 -1.160272209e-01 -1.143491469e-12 1.348494024e-14 4.105083246e-04 -8.127210737e-04
2.088696839e-03 -1.162517477e-01 -1.142396622e-12 1.346010089e-14 4.071868051e-04 -7.672478957e-04
2.093032086e-03 -1.164220289e-01 -1.140338621e-12 1.342630066e-14 4.035651799e-04 -7.207002479e-04
2.096429536e-03 -1.165379997e-01 -1.138010950e-12 1.342575025e-14 3.996461695e-04 -6.731434080e-04
2.098887944e-03 -1.165996216e-01 -1.134907608e-12 1.345997789e-14 3.954327147e-04 -6.246440587e-04
2.100406498e-03 -1.166068819e-01 -1.131237362e-12 1.333165917e-14 3.909279742e-04 -5.752701928e-04
2.100984820e-03 -1.165597939e-01 -1.126718871e-12 1.327149904e-14 3.861353224e-04 -5.250910176e-04
2.100622964e-03 -1.164583969e-01 -1.121669237e-12 1.331225667e-14 3.810583468e-04 -4.741768563e-04
2.099321419e-03 -1.163027564e-01 -1.115876976e-12 1.311709395e-14 3.757008450e-04 -4.225990488e-04
2.097081107e-03 -1.160929636e-01 -1.109790543e-12 1.314273388e-14 3.700668217e-04 -3.704298506e-04
2.093903382e-03 -1.158291358e-01 -1.102606064e-12 1.304204682e-14 3.641604860e-04 -3.177423300e-04
2.089790031e-03 -1.155114159e-01 -1.095068326e-12 1.289572368e-14 3.579862476e-04 -2.646102655e-04
2.084743270e-03 -1.151399728e-01 -1.086836102e-12 1.289262069e-14 3.515487137e-04 -2.111080406e-04
2.078765748e-03 -1.147150009e-01 -1.078107173e-12 1.294314058e-14 3.448526854e-04 -1.573105387e-04
2.071860539e-03 -1.142367202e-01 -1.068753743e-12 1.293360070e-14 3.379031537e-04 -1.032930373e-04
2.064031147e-03 -1.137053763e-01 -1.058544907e-12 1.288252184e-14 3.307052959e-04 -4.913110102e-05
2.055281497e-03 -1.131212398e-01 -1.048085327e-12 1.289112511e-14 3.232644713e-04 5.099525028e-06
2.045615940e-03 -1.124846066e-01 -1.036963617e-12 1.283706543e-14 3.155862173e-04 5.932302259e-05
2.035039246e-03 -1.117957978e-01 -1.025193664e-12 1.283164401e-14 3.076762447e-04 1.134636075e-04
2.023556602e-03 -1.110551588e-01 -1.012682598e-12 1.264277570e-14 2.995404335e-04 1.674456370e-04
2.011173613e-03 -1.102630602e-01 -9.996558707e-13 1.271383048e-14 2.911848283e-04 2.211937166e-04
1.997896292e-03 -1.094198966e-01 -9.859918700e-13 1.258620123e-14 2.826156333e-04 2.746328065e-04
1.983731064e-03 -1.085260870e-01 -9.719851371e-13 1.247944334e-14 2.738392076e-04 3.276883283e-04
1.968684756e-03 -1.075820742e-01 -9.572091424e-13 1.249438671e-14 2.648620602e-04 3.802862695e-04
1.952764600e-03 -1.065883249e-01 -9.418571777e-13 1.254104121e-14 2.556908450e-04 4.323532886e-04
1.935978220e-03 -1.055453289e-01 -9.260816238e-13 1.236867785e-14 2.463323551e-04 4.838168183e-04
1.918333639e-03 -1.044535996e-01 -9.099891378e-13 1.228008663e-14 2.367935180e-04 5.346051680e-04
1.899839265e-03 -1.033136730e-01 -8.932760276e-13 1.189115411e-14 2.270813899e-04 5.846476248e-04
1.880503890e-03 -1.021261077e-01 -8.760686064e-13 1.215710499e-14 2.172031500e-04 6.338745528e-04
1.860336686e-03 -1.008914845e-01 -8.582408641e-13 1.185790630e-14 2.071660950e-04 6.822174916e-04
1.839347199e-03 -9.961040619e-02 -8.401128188e-13 1.174619654e-14 1.969776334e-04 7.296092520e-04
1.817545340e-03 -9.828349709e-02 -8.216682968e-13 1.168375621e-14 1.866452795e-04 7.759840104e-04
1.794941388e-03 -9.691140269e-02 -8.025076381e-13 1.164108938e-14 1.761766475e-04 8.212774016e-04
1.771545974e-03 -9.549478932e-02 -7.829274364e-13 1.124508482e-14 1.655794457e-04 8.654266080e-04
1.747370083e-03 -9.403434374e-02 -7.629494618e-13 1.113473236e-14 1.548614699e-04 9.083704482e-04
1.722425043e-03 -9.253077271e-02 -7.424867079e-13 1.077903584e-14 1.440305980e-04 9.500494621e-04
1.696722519e-03 -9.098480266e-02 -7.218017855e-13 1.047406804e-14 1.330947832e-04 9.904059935e-04
1.670274508e-03 -8.939717917e-02 -7.004449970e-13 1.048981276e-14 1.220620478e-04 1.029384271e-03
1.643093333e-03 -8.776866658e-02 -6.788989474e-13 1.017980045e-14 1.109404773e-04 1.066930483e-03
1.615191632e-03 -8.610004757e-02 -6.569247928e-13 9.665498643e-15 9.973821345e-05 1.102992856e-03
1.586582354e-03 -8.439212261e-02 -6.346079036e-13 9.435501746e-15 8.846344845e-05 1.137521724e-03
1.557278749e-03 -8.264570960e-02 -6.120039596e-13 8.986020759e-15 7.712441808e-05 1.170469594e-03
1.527294363e-03 -8.086164332e-02 -5.889395714e-13 8.937668796e-15 6.572939545e-05 1.201791217e-03
1.496643029e-03 -7.904077492e-02 -5.655937900e-13 8.815019004e-15 5.428668454e-05 1.231443644e-03
1.465338858e-03 -7.718397152e-02 -5.418627289e-13 8.291368965e-15 4.280461366e-05 1.259386288e-03
1.433396233e-03 -7.529211557e-02 -5.179568118e-13 8.195512224e-15 3.129152900e-05 1.285580978e-03
1.400829797e-03 -7.336610446e-02 -4.936982611e-13 7.863028721e-15 1.975578815e-05 1.309992009e-03
1.367654450e-03 -7.140684990e-02 -4.692299247e-13 7.662275189e-15 8.205753650e-06 1.332586190e-03
1.333885335e-03 -6.941527742e-02 -4.443602577e-13 7.388018848e-15 -3.350213520e-06 1.353332891e-03
1.299537834e-03 -6.739232585e-02 -4.193346078e-13 7.161291982e-15 -1.490376033e-05 1.372204079e-03
1.264627554e-03 -6.533894676e-02 -3.940294887e-13 7.176400820e-15 -2.644654814e-05 1.389174356e-03
1.229170324e-03 -6.325610389e-02 -3.685600120e-13 6.930215392e-15 -3.797025906e-05 1.404220993e-03
1.193182181e-03 -6.114477262e-02 -3.426847410e-13 6.567838666e-15 -4.946660229e-05 1.417323957e-03
1.156679364e-03 -5.900593939e-02 -3.167407580e-13 6.698275793e-15 -6.092732045e-05 1.428465935e-03
1.119678303e-03 -5.684060116e-02 -2.907458340e-13 6.617726334e-15 -7.234419577e-05 1.437632358e-03
1.082195609e-03 -5.464976481e-02 -2.645142368e-13 6.480732420e-15 -8.370905633e-05 1.444811414e-03
1.044248071e-03 -5.243444659e-02 -2.380669610e-13 6.338248313e-15 -9.501378216e-05 1.449994063e-03
1.005852636e-03 -5.019567153e-02 -2.115583062e-13 6.123487269e-15 -1.062503113e-04 1.453174047e-03
9.670264090e-04 -4.793447288e-02 -1.848547367e-13 5.862775313e-15 -1.174106458e-04 1.454347891e-03
9.302671856e-04 -4.577484957e-02 -1.585326303e-13 5.578642551e-15 -1.287880310e-04 1.457245497e-03
8.954969801e-04 -4.371225413e-02 -1.325248216e-13 5.302608858e-15 -1.404035808e-04 1.461871218e-03
8.626420050e-04 -4.174234164e-02 -1.067999862e-13 5.053959153e-15 -1.522788627e-04 1.468231445e-03
8.316325188e-04 -3.986096076e-02 -8.131236717e-14 4.976904790e-15 -1.644359377e-04 1.476334622e-03
8.024026813e-04 -3.806414522e-02 -5.600417170e-14 4.556157038e-15 -1.768974012e-04 1.486191254e-03
7.748904175e-04 -3.634810561e-02 -3.068189788e-14 4.156326688e-15 -1.896864257e-04 1.497813930e-03
7.490372887e-04 -3.470922154e-02 -5.527992433e-15 3.879025400e-15 -2.028268032e-04 1.511217334e-03
7.247883716e-04 -3.314403416e-02 1.970462528e-14 3.525222374e-15 -2.163429903e-04 1.526418272e-03
7.020921441e-04 -3.164923901e-02 4.492386865e-14 3.299342682e-15 -2.302601536e-04 1.543435693e-03
6.809003791e-04 -3.022167918e-02 7.025839297e-14 3.000406411e-15 -2.446042167e-04 1.562290713e-03
6.611680438e-04 -2.885833871e-02 9.565201137e-14 2.994748646e-15 -2.594019090e-04 1.583006648e-03
6.428532065e-04 -2.755633641e-02 1.212034969e-13 2.778143456e-15 -2.746808156e-04 1.605609042e-03
6.259169499e-04 -2.631291982e-02 1.470146671e-13 2.485492053e-15 -2.904694292e-04 1.630125698e-03
6.103232903e-04 -2.512545949e-02 1.731140696e-13 2.192199065e-15 -3.067972033e-04 1.656586721e-03
5.960391030e-04 -2.399144354e-02 1.995319152e-13 2.027915319e-15 -3.236946079e-04 1.685024553e-03
5.830340537e-04 -2.290847240e-02 2.263291991e-13 1.848254966e-15 -3.411931864e-04 1.715474012e-03
5.712805363e-04 -2.187425385e-02 2.536108967e-13 1.777250410e-15 -3.593256153e-04 1.747972343e-03
5.607536154e-04 -2.088659818e-02 2.814444897e-13 1.573590762e-15 -3.781257651e-04 1.782559261e-03
5.514309751e-04 -1.994341369e-02 3.098832801e-13 1.468490275e-15 -3.976287648e-04 1.819277005e-03
5.432928736e-04 -1.904270229e-02 3.389174950e-13 1.551746794e-15 -4.178710675e-04 1.858170387e-03
5.363221024e-04 -1.818255532e-02 3.686175337e-13 1.415768190e-15 -4.388905194e-04 1.899286853e-03
5.305039513e-04 -1.736114957e-02 3.991142851e-13 1.262137455e-15 -4.607264309e-04 1.942676542e-03
5.258261790e-04 -1.657674349e-02 4.303329694e-13 1.170435060e-15 -4.834196510e-04 1.988392348e-03
5.222789887e-04 -1.582767352e-02 4.624503589e-13 1.125553722e-15 -5.070126444e-04 2.036489987e-03
5.198550085e-04 -1.511235061e-02 4.954930638e-13 8.951064331e-16 -5.315495713e-04 2.087028068e-03
5.185492774e-04 -1.442925692e-02 5.294579890e-13 8.159794730e-16 -5.570763715e-04 2.140068166e-03
5.183592367e-04 -1.377694260e-02 5.646672115e-13 6.712115920e-16 -5.836408504e-04 2.195674898e-03
5.192847258e-04 -1.315402280e-02 6.009853640e-13 5.896413069e-16 -6.112927699e-04 2.253916008e-03
5.213279840e-04 -1.255917471e-02 6.385673048e-13 2.692856988e-16 -6.400839424e-04 2.314862448e-03
5.244936564e-04 -1.199113484e-02 6.772958719e-13 2.148584272e-16 -6.700683288e-04 2.378588466e-03
5.287888062e-04 -1.144869633e-02 7.174560595e-13 4.250823574e-17 -7.013021407e-04 2.445171706e-03
5.342229310e-04 -1.093070644e-02 7.591223874e-13 -1.586514035e-16 -7.338439465e-04 2.514693295e-03
5.408079854e-04 -1.043606412e-02 8.022688132e-13 -2.907259887e-16 -7.677547831e-04 2.587237954e-03
5.485584081e-04 -9.963717681e-03 8.470962045e-13 -5.059206337e-16 -8.030982706e-04 2.662894099e-03
5.574911547e-04 -9.512662624e-03 8.936930455e-13 -7.013550627e-16 -8.399407336e-04 2.741753950e-03
5.676257361e-04 -9.081939490e-03 9.419840466e-13 -9.032118081e-16 -8.783513268e-04 2.823913652e-03
5.789842623e-04 -8.670631860e-03 9.922905653e-13 -1.068992935e-15 -9.184021660e-04 2.909473391e-03
5.915914913e-04 -8.277864425e-03 1.044597304e-12 -1.245991569e-15 -9.601684654e-04 2.998537521e-03
6.054748850e-04 -7.902801140e-03 1.099082205e-12 -1.387686611e-15 -1.003728680e-03 3.091214694e-03
6.206646697e-04 -7.544643464e-03 1.155776146e-12 -1.538842246e-15 -1.049164654e-03 3.187617997e-03
6.371939033e-04 -7.202628683e-03 1.214935729e-12 -1.733684604e-15 -1.096561779e-03 3.287865091e-03
6.550985485e-04 -6.876028295e-03 1.276509297e-12 -1.922474593e-15 -1.146009153e-03 3.392078362e-03
6.744175524e-04 -6.564146481e-03 1.340760961e-12 -2.021581249e-15 -1.197599751e-03 3.500385074e-03
6.951929326e-04 -6.266318633e-03 1.407815805e-12 -2.182303525e-15 -1.251430602e-03 3.612917522e-03
7.174698699e-04 -5.981909957e-03 1.477706513e-12 -2.317385120e-15 -1.307602974e-03 3.729813209e-03
7.412968079e-04 -5.710314127e-03 1.550649431e-12 -2.584720015e-15 -1.366222568e-03 3.851215008e-03
7.667255602e-04 -5.450952011e-03 1.626780671e-12 -2.779830957e-15 -1.427399714e-03 3.977271347e-03
7.938114243e-04 -5.203270445e-03 1.706227210e-12 -2.908003343e-15 -1.491249590e-03 4.108136395e-03
8.226133035e-04 -4.966741066e-03 1.789159207e-12 -3.039346759e-15 -1.557892431e-03 4.243970252e-03
8.531938368e-04 -4.740859194e-03 1.875906042e-12 -3.235317331e-15 -1.627453767e-03 4.384939153e-03
8.856195368e-04 -4.525142768e-03 1.966389088e-12 -3.335800279e-15 -1.700064659e-03 4.531215679e-03
9.199609363e-04 -4.319131324e-03 2.060969145e-12 -3.444221867e-15 -1.775861947e-03 4.682978966e-03
9.562927436e-04 -4.122385024e-03 2.159795987e-12 -3.516611509e-15 -1.854988514e-03 4.840414941e-03
9.946940069e-04 -3.934483721e-03 2.263042391e-12 -3.615694248e-15 -1.937593560e-03 5.003716546e-03
1.035248289e-03 -3.755026076e-03 2.370982136e-12 -3.638942248e-15 -2.023832882e-03 5.173083988e-03
1.078043849e-03 -3.583628705e-03 2.483790749e-12 -3.777147367e-15 -2.113869175e-03 5.348724986e-03
1.123173842e-03 -3.419925367e-03 2.601641285e-12 -3.741984073e-15 -2.207872345e-03 5.530855038e-03
1.170736517e-03 -3.263566190e-03 2.724856350e-12 -3.772079417e-15 -2.306019828e-03 5.719697686e-03
1.220835441e-03 -3.114216929e-03 2.853734325e-12 -3.859357837e-15 -2.408496935e-03 5.915484804e-03
1.273579719e-03 -2.971558257e-03 2.988507215e-12 -3.889746050e-15 -2.515497203e-03 6.118456888e-03
1.329084243e-03 -2.835285092e-03 3.129345190e-12 -3.852126812e-15 -2.627222768e-03 6.328863360e-03
1.387469939e-03 -2.705105943e-03 3.276731628e-12 -3.932248280e-15 -2.743884750e-03 6.546962883e-03
1.448864035e-03 -2.580742301e-03 3.430749322e-12 -4.018029117e-15 -2.865703659e-03 6.773023688e-03
1.513400345e-03 -2.461928040e-03 3.591794409e-12 -4.112146886e-15 -2.992909816e-03 7.007323915e-03
1.581219559e-03 -2.348408858e-03 3.760294382e-12 -4.255744274e-15 -3.125743797e-03 7.250151961e-03
1.652469556e-03 -2.239941736e-03 3.936527100e-12 -4.390815069e-15 -3.264456892e-03 7.501806851e-03
1.727305732e-03 -2.136294420e-03 4.120825242e-12 -4.565108388e-15 -3.409311589e-03 7.762598614e-03
1.805891339e-03 -2.037244930e-03 4.313604692e-12 -4.792407973e-15 -3.560582077e-03 8.032848675e-03
1.888397849e-03 -1.942581089e-03 4.515268987e-12 -4.994102269e-15 -3.718554773e-03 8.312890268e-03
1.975005332e-03 -1.852100071e-03 4.726152861e-12 -5.340949154e-15 -3.883528873e-03 8.603068854e-03
2.065902853e-03 -1.765607970e-03 4.946730703e-12 -5.602431194e-15 -4.055816927e-03 8.903742565e-03
2.161288889e-03 -1.682919391e-03 5.177513622e-12 -5.951184161e-15 -4.235745439e-03 9.215282659e-03
2.261371774e-03 -1.603857052e-03 5.418807109e-12 -6.150624669e-15 -4.423655499e-03 9.538073992e-03
2.366370150e-03 -1.528251407e-03 5.671266766e-12 -6.494113314e-15 -4.619903436e-03 9.872515510e-03
2.476513460e-03 -1.455940291e-03 5.935480469e-12 -6.743620086e-15 -4.824861507e-03 1.021902076e-02
2.592042452e-03 -1.386768567e-03 6.211854975e-12 -6.925107696e-15 -5.038918614e-03 1.057801842e-02
2.713209713e-03 -1.320587804e-03 6.500991206e-12 -7.038069992e-15 -5.262481057e-03 1.094995284e-02
2.840280229e-03 -1.257255956e-03 6.803513846e-12 -7.125448288e-15 -5.495973315e-03 1.133528462e-02
2.973531972e-03 -1.196637059e-03 7.119996870e-12 -7.120362063e-15 -5.739838868e-03 1.173449121e-02
3.113256521e-03 -1.138600946e-03 7.451090655e-12 -7.165670928e-15 -5.994541056e-03 1.214806750e-02
3.259759702e-03 -1.083022967e-03 7.797590588e-12 -7.216253438e-15 -6.260563973e-03 1.257652649e-02
3.413362277e-03 -1.029783721e-03 8.160140802e-12 -7.278263137e-15 -6.538413409e-03 1.302039991e-02
3.574400649e-03 -9.787688085e-04 8.539394456e-12 -7.236957523e-15 -6.828617827e-03 1.348023896e-02
3.743227616e-03 -9.298685796e-04 8.936307953e-12 -7.178229009e-15 -7.131729391e-03 1.395661498e-02
3.920213156e-03 -8.829779059e-04 9.351669727e-12 -7.095265547e-15 -7.448325039e-03 1.445012021e-02
4.105745250e-03 -8.379959536e-04 9.786308013e-12 -7.002254003e-15 -7.779007602e-03 1.496136856e-02
4.300230749e-03 -7.948259694e-04 1.024122792e-11 -6.915645732e-15 -8.124406983e-03 1.549099643e-02
4.504096283e-03 -7.533750732e-04 1.071725708e-11 -6.827873472e-15 -8.485181382e-03 1.603966349e-02
4.717789215e-03 -7.135540601e-04 1.121533895e-11 -6.860043878e-15 -8.862018583e-03 1.660805362e-02
4.941778641e-03 -6.752772098e-04 1.173662010e-11 -6.827442803e-15 -9.255637296e-03 1.719687573e-02
5.176556443e-03 -6.384621035e-04 1.228212902e-11 -6.950463050e-15 -9.666788568e-03 1.780686477e-02
5.422638390e-03 -6.030294471e-04 1.285305956e-11 -7.016246890e-15 -1.009625725e-02 1.843878264e-02
5.680565301e-03 -5.689029018e-04 1.345057585e-11 -7.091780926e-15 -1.054486355e-02 1.909341926e-02
5.950904256e-03 -5.360089207e-04 1.407590610e-11 -7.295966157e-15 -1.101346463e-02 1.977159356e-02
6.234249878e-03 -5.042765911e-04 1.473032866e-11 -7.407940986e-15 -1.150295632e-02 2.047415465e-02
6.531225672e-03 -4.736374822e-04 1.541527539e-11 -7.659470029e-15 -1.201427485e-02 2.120198289e-02
6.842485435e-03 -4.440254983e-04 1.613213790e-11 -7.832790367e-15 -1.254839874e-02 2.195599114e-02
7.168714735e-03 -4.153767371e-04 1.688233886e-11 -8.059359608e-15 -1.310635073e-02 2.273712594e-02
7.510632467e-03 -3.876293516e-04 1.766767780e-11 -8.324928547e-15 -1.368919980e-02 2.354636886e-02
7.868992483e-03 -3.607234176e-04 1.848958854e-11 -8.488642781e-15 -1.429806332e-02 2.438473779e-02
8.244585312e-03 -3.346008038e-04 1.934999727e-11 -8.649534337e-15 -1.493410925e-02 2.525328837e-02
8.638239960e-03 -3.092050471e-04 2.025061658e-11 -8.877402346e-15 -1.559855853e-02 2.615311546e-02
9.050825803e-03 -2.844812297e-04 2.119319393e-11 -8.887853334e-15 -1.629268748e-02 2.708535463e-02
9.483254580e-03 -2.603758606e-04 2.217995889e-11 -8.965222805e-15 -1.701783038e-02 2.805118376e-02
9.936482487e-03 -2.368367595e-04 2.321277682e-11 -9.058464847e-15 -1.777538221e-02 2.905182472e-02
1.041151237e-02 -2.138129432e-04 2.429383184e-11 -9.111987641e-15 -1.856680140e-02 3.008854506e-02
1.090939604e-02 -1.912545146e-04 2.542545155e-11 -9.192047613e-15 -1.939361284e-02 3.116265983e-02
1.143123671e-02 -1.691125540e-04 2.661001532e-11 -9.166903542e-15 -2.025741097e-02 3.227553346e-02
1.197819154e-02 -1.473390115e-04 2.785007790e-11 -9.279468412e-15 -2.115986304e-02 3.342858172e-02
1.255147432e-02 -1.258866021e-04 2.914813689e-11 -9.188336093e-15 -2.210271250e-02 3.462327374e-02
1.315235830e-02 -1.047087013e-04 3.050697295e-11 -9.085220123e-15 -2.308778260e-02 3.586113418e-02
1.378217914e-02 -8.375924237e-05 3.192940168e-11 -9.101582536e-15 -2.411698014e-02 3.714374539e-02
1.444233807e-02 -6.299261449e-05 3.341850532e-11 -9.174317740e-15 -2.519229938e-02 3.847274980e-02
1.513430512e-02 -4.236356142e-05 3.497727756e-11 -9.130999206e-15 -2.631582617e-02 3.984985223e-02
1.585962257e-02 -2.182708085e-05 3.660925269e-11 -9.334944832e-15 -2.748974229e-02 4.127682249e-02
1.661990859e-02 -1.338323933e-06 3.831761120e-11 -9.263974107e-15 -2.871632991e-02 4.275549789e-02
1.741686103e-02 1.914750508e-05 4.010619411e-11 -9.524930169e-15 -2.999797638e-02 4.428778599e-02
1.825226139e-02 3.967524938e-05 4.197868474e-11 -9.591724417e-15 -3.133717915e-02 4.587566741e-02
1.912797899e-02 6.028990042e-05 4.393915052e-11 -9.814711358e-15 -3.273655094e-02 4.752119864e-02
2.004597540e-02 8.103669935e-05 4.599160537e-11 -1.000393070e-14 -3.419882516e-02 4.922651513e-02
2.100830899e-02 1.019612390e-04 4.814055210e-11 -1.021676946e-14 -3.572686154e-02 5.099383427e-02
2.201713976e-02 1.231095670e-04 5.039049725e-11 -1.044784244e-14 -3.732365202e-02 5.282545859e-02
2.307473434e-02 1.445282896e-04 5.274633791e-11 -1.062130593e-14 -3.899232683e-02 5.472377897e-02
2.418347123e-02 1.662646765e-04 5.521301081e-11 -1.096930395e-14 -4.073616088e-02 5.669127789e-02
2.534584630e-02 1.883667676e-04 5.779580393e-11 -1.128389148e-14 -4.255858028e-02 5.873053273e-02
2.649946306e-02 2.104002950e-04 6.035194143e-11 -1.147789013e-14 -4.435400091e-02 6.069356772e-02
2.764396769e-02 2.323575946e-04 6.288034331e-11 -1.189278957e-14 -4.612135879e-02 6.257793790e-02
2.877901523e-02 2.542311197e-04 6.538013620e-11 -1.223845126e-14 -4.785961681e-02 6.438131095e-02
2.990426946e-02 2.760134440e-04 6.785013143e-11 -1.239087341e-14 -4.956776481e-02 6.610146919e-02
3.101940263e-02 2.976972628e-04 7.028937259e-11 -1.260636312e-14 -5.124481959e-02 6.773631120e-02
3.212409525e-02 3.192753932e-04 7.269700494e-11 -1.282924910e-14 -5.288982485e-02 6.928385342e-02
3.321803581e-02 3.407407741e-04 7.507193142e-11 -1.304714424e-14 -5.450185107e-02 7.074223141e-02
3.430092054e-02 3.620864649e-04 7.741311220e-11 -1.298371675e-14 -5.607999542e-02 7.210970117e-02
3.537245316e-02 3.833056446e-04 7.972003164e-11 -1.307672720e-14 -5.762338168e-02 7.338464023e-02
3.643234470e-02 4.043916109e-04 8.199127665e-11 -1.309761388e-14 -5.913116023e-02 7.456554881e-02
3.748031333e-02 4.253377791e-04 8.422638621e-11 -1.301100070e-14 -6.060250807e-02 7.565105088e-02
3.851608431e-02 4.461376823e-04 8.642450755e-11 -1.287603168e-14 -6.203662900e-02 7.663989521e-02
3.953938992e-02 4.667849712e-04 8.858464626e-11 -1.280003068e-14 -6.343275380e-02 7.753095641e-02
4.054996954e-02 4.872734159e-04 9.070606438e-11 -1.244440385e-14 -6.479014057e-02 7.832323597e-02
4.154756975e-02 5.075969076e-04 9.278814822e-11 -1.258800591e-14 -6.610807515e-02 7.901586319e-02
4.253194451e-02 5.277494615e-04 9.482989198e-11 -1.248010574e-14 -6.738587162e-02 7.960809621e-02
4.350285539e-02 5.477252208e-04 9.683080730e-11 -1.242009489e-14 -6.862287284e-02 8.009932277e-02
4.446007187e-02 5.675184607e-04 9.879034107e-11 -1.218962524e-14 -6.981845112e-02 8.048906106e-02
4.540337163e-02 5.871235943e-04 1.007072680e-10 -1.227525078e-14 -7.097200885e-02 8.077696032e-02
4.633254093e-02 6.065351775e-04 1.025816022e-10 -1.223335333e-14 -7.208297921e-02 8.096280132e-02
4.724737498e-02 6.257479158e-04 1.044121937e-10 -1.217636281e-14 -7.315082681e-02 8.104649671e-02
4.814767829e-02 6.447566702e-04 1.061986872e-10 -1.218798753e-14 -7.417504839e-02 8.102809110e-02
4.903326504e-02 6.635564636e-04 1.079404617e-10 -1.219816301e-14 -7.515517344e-02 8.090776094e-02
4.990395945e-02 6.821424873e-04 1.096372003e-10 -1.227457577e-14 -7.609076471e-02 8.068581417e-02
5.075959607e-02 7.005101072e-04 1.112880908e-10 -1.212642071e-14 -7.698141878e-02 8.036268962e-02
5.160002010e-02 7.186548689e-04 1.128929069e-10 -1.204956372e-14 -7.782676642e-02 7.993895614e-02
5.242508764e-02 7.365725036e-04 1.144512393e-10 -1.224182454e-14 -7.862647297e-02 7.941531148e-02
5.323466588e-02 7.542589327e-04 1.159627387e-10 -1.220432077e-14 -7.938023852e-02 7.879258091e-02
5.402863332e-02 7.717102719e-04 1.174267779e-10 -1.209946071e-14 -8.008779815e-02 7.807171559e-02
5.480687984e-02 7.889228347e-04 1.188433118e-10 -1.194985243e-14 -8.074892190e-02 7.725379067e-02
5.556930686e-02 8.058931358e-04 1.202118899e-10 -1.174602001e-14 -8.136341481e-02 7.634000322e-02
5.631582733e-02 8.226178933e-04 1.215323446e-10 -1.156821855e-14 -8.193111682e-02 7.533166991e-02
5.704636581e-02 8.390940306e-04 1.228042026e-10 -1.143576441e-14 -8.245190256e-02 7.423022444e-02
5.776085842e-02 8.553186781e-04 1.240275434e-10 -1.114844163e-14 -8.292568114e-02 7.303721490e-02
5.845925284e-02 8.712891742e-04 1.252018931e-10 -1.092311596e-14 -8.335239588e-02 7.175430084e-02
5.914150825e-02 8.870030661e-04 1.263275733e-10 -1.042292156e-14 -8.373202391e-02 7.038325027e-02
5.980759528e-02 9.024581103e-04 1.274040416e-10 -1.024224134e-14 -8.406457587e-02 6.892593646e-02
6.045749593e-02 9.176522727e-04 1.284312842e-10 -9.860487440e-15 -8.435009543e-02 6.738433464e-02
6.109120350e-02 9.325837291e-04 1.294097418e-10 -9.625632140e-15 -8.458865892e-02 6.576051859e-02
6.170872251e-02 9.472508650e-04 1.303388452e-10 -8.970920954e-15 -8.478037481e-02 6.405665705e-02
6.231006864e-02 9.616522758e-04 1.312188890e-10 -8.547741597e-15 -8.492538328e-02 6.227501016e-02
6.289526863e-02 9.757867667e-04 1.320498987e-10 -8.205263740e-15 -8.502385569e-02 6.041792564e-02
6.346436024e-02 9.896533528e-04 1.328318380e-10 -7.608466863e-15 -8.507599410e-02 5.848783503e-02
6.401739214e-02 1.003251259e-03 1.335649936e-10 -7.259517296e-15 -8.508203075e-02 5.648724974e-02
6.455442388e-02 1.016579920e-03 1.342494883e-10 -6.903001025e-15 -8.504222751e-02 5.441875709e-02
6.507552583e-02 1.029638980e-03 1.348852053e-10 -6.368708572e-15 -8.495687534e-02 5.228501622e-02
6.558077909e-02 1.042428294e-03 1.354728048e-10 -5.991436713e-15 -8.482629369e-02 5.008875397e-02
6.607027544e-02 1.054947927e-03 1.360122810e-10 -5.689454164e-15 -8.465082999e-02 4.783276067e-02
6.654411730e-02 1.067198152e-03 1.365038383e-10 -5.237474000e-15 -8.443085896e-02 4.551988589e-02
6.700241762e-02 1.079179453e-03 1.369477899e-10 -4.715676337e-15 -8.416678202e-02 4.315303411e-02
6.744529983e-02 1.090892523e-03 1.373446090e-10 -4.248519503e-15 -8.385902665e-02 4.073516035e-02
6.787289778e-02 1.102338264e-03 1.376944272e-10 -4.186010410e-15 -8.350804567e-02 3.826926578e-02
6.828535560e-02 1.113517785e-03 1.379977474e-10 -3.671154767e-15 -8.311431656e-02 3.575839323e-02
6.868282764e-02 1.124432405e-03 1.382549180e-10 -3.244666003e-15 -8.267834073e-02 3.320562274e-02
6.906547835e-02 1.135083647e-03 1.384663220e-10 -3.068855819e-15 -8.220064274e-02 3.061406705e-02
6.943348214e-02 1.145473240e-03 1.386325662e-10 -2.860465126e-15 -8.168176951e-02 2.798686710e-02
6.978702325e-02 1.155603115e-03 1.387538841e-10 -2.587125996e-15 -8.112228952e-02 2.532718749e-02
7.012629563e-02 1.165475407e-03 1.388309333e-10 -2.161234819e-15 -8.052279193e-02 2.263821195e-02
7.045150269e-02 1.175092449e-03 1.388643002e-10 -1.842622665e-15 -7.988388572e-02 1.992313891e-02
7.076285723e-02 1.184456772e-03 1.388541157e-10 -1.662237283e-15 -7.920619881e-02 1.718517693e-02
7.106058115e-02 1.193571100e-03 1.388013482e-10 -1.363289853e-15 -7.849037709e-02 1.442754030e-02
7.134490527e-02 1.202438352e-03 1.387065586e-10 -9.979630884e-16 -7.773708352e-02 1.165344466e-02
7.161606912e-02 1.211061631e-03 1.385699572e-10 -7.058047019e-16 -7.694699712e-02 8.866102585e-03
7.187432067e-02 1.219444227e-03 1.383928407e-10 -4.053299217e-16 -7.612081202e-02 6.068719329e-03
7.211991608e-02 1.227589611e-03 1.381749831e-10 -1.926822601e-16 -7.525923640e-02 3.264488590e-03
7.235311943e-02 1.235501428e-03 1.379180148e-10 1.116786206e-16 -7.436299155e-02 4.565883611e-04
7.257420241e-02 1.243183498e-03 1.376217521e-10 5.182782329e-16 -7.343281076e-02 -2.351823135e-03
7.278344404e-02 1.250639805e-03 1.372873351e-10 8.980714554e-16 -7.246943831e-02 -5.157611409e-03
7.298113034e-02 1.257874498e-03 1.369152212e-10 1.108111054e-15 -7.147362843e-02 -7.957669576e-03
7.316755398e-02 1.264891878e-03 1.365063270e-10 1.443592701e-15 -7.044614419e-02 -1.074892210e-02
7.334301393e-02 1.271696400e-03 1.360612523e-10 1.778171005e-15 -6.938775650e-02 -1.352832845e-02
7.350781510e-02 1.278292662e-03 1.355807550e-10 2.275887567e-15 -6.829924300e-02 -1.629288659e-02
7.366226797e-02 1.284685399e-03 1.350655691e-10 2.650123575e-15 -6.718138700e-02 -1.903963635e-02
7.380668816e-02 1.290879476e-03 1.345166537e-10 3.141471150e-15 -6.603497644e-02 -2.176566269e-02
7.394139602e-02 1.296879883e-03 1.339339551e-10 3.455879345e-15 -6.486080280e-02 -2.446809878e-02
7.406671621e-02 1.302691724e-03 1.333193922e-10 3.847077997e-15 -6.365966009e-02 -2.714412896e-02
7.418297725e-02 1.308320214e-03 1.326729277e-10 4.269762574e-15 -6.243234376e-02 -2.979099147e-02
7.429051105e-02 1.313770663e-03 1.319957187e-10 4.651945538e-15 -6.117964974e-02 -3.240598115e-02
7.438965246e-02 1.319048476e-03 1.312883591e-10 4.888498549e-15 -5.990237339e-02 -3.498645183e-02
7.448073871e-02 1.324159137e-03 1.305514085e-10 5.035272986e-15 -5.860130851e-02 -3.752981867e-02
7.456410898e-02 1.329108204e-03 1.297862315e-10 5.329754696e-15 -5.727724640e-02 -4.003356025e-02
7.464010384e-02 1.333901297e-03 1.289930550e-10 5.575369835e-15 -5.593097491e-02 -4.249522052e-02
7.470906469e-02 1.338544091e-03 1.281730421e-10 5.859290175e-15 -5.456327754e-02 -4.491241057e-02
7.477133325e-02 1.343042300e-03 1.273266361e-10 5.958780653e-15 -5.317493253e-02 -4.728281019e-02
7.482725100e-02 1.347401672e-03 1.264548343e-10 6.166607441e-15 -5.176671206e-02 -4.960416933e-02
7.487715855e-02 1.351627976e-03 1.255584380e-10 6.596815319e-15 -5.033938142e-02 -5.187430929e-02
7.492139511e-02 1.355726990e-03 1.246380745e-10 6.740051557e-15 -4.889369827e-02 -5.409112379e-02
7.496029788e-02 1.359704490e-03 1.236944902e-10 6.809763553e-15 -4.743041191e-02 -5.625257987e-02
7.499420141e-02 1.363566239e-03 1.227282082e-10 7.075875987e-15 -4.595026261e-02 -5.835671858e-02
7.502343705e-02 1.367317973e-03 1.217405368e-10 7.502996637e-15 -4.445398101e-02 -6.040165554e-02
7.504833226e-02 1.370965391e-03 1.207313540e-10 7.626059022e-15 -4.294228754e-02 -6.238558131e-02
7.506921005e-02 1.374514141e-03 1.197021835e-10 8.129873935e-15 -4.141589193e-02 -6.430676164e-02
7.508638829e-02 1.377969809e-03 1.186532519e-10 8.375009994e-15 -3.987549277e-02 -6.616353754e-02
7.510017913e-02 1.381337905e-03 1.175853300e-10 8.714474912e-15 -3.832177713e-02 -6.795432521e-02
7.511088834e-02 1.384623851e-03 1.164990445e-10 9.067989540e-15 -3.675542020e-02 -6.967761585e-02
7.511881471e-02 1.387832966e-03 1.153950050e-10 9.281791104e-15 -3.517708511e-02 -7.133197533e-02
7.512424937e-02 1.390970458e-03 1.142740548e-10 9.781536590e-15 -3.358742270e-02 -7.291604377e-02
7.512747523e-02 1.394041405e-03 1.131363627e-10 1.012567340e-14 -3.198707142e-02 -7.442853498e-02
7.512876634e-02 1.397050749e-03 1.119826267e-10 1.026188488e-14 -3.037665728e-02 -7.586823584e-02
7.512838729e-02 1.400003275e-03 1.108138547e-10 1.061290744e-14 -2.875679390e-02 -7.723400554e-02
7.512659262e-02 1.402903609e-03 1.096301375e-10 1.083452441e-14 -2.712808261e-02 -7.852477487e-02
7.512362625e-02 1.405756195e-03 1.084319615e-10 1.112928605e-14 -2.549111258e-02 -7.973954530e-02
7.511972090e-02 1.408565291e-03 1.072200279e-10 1.125320017e-14 -2.384646112e-02 -8.087738811e-02
7.511509759e-02 1.411334953e-03 1.059946657e-10 1.151188919e-14 -2.219469398e-02 -8.193744348e-02
7.510996507e-02 1.414069026e-03 1.047565231e-10 1.162230633e-14 -2.053636569e-02 -8.291891953e-02
7.510451938e-02 1.416771129e-03 1.035057956e-10 1.178893268e-14 -1.887202009e-02 -8.382109137e-02
7.509894330e-02 1.419444650e-03 1.022427995e-10 1.179113947e-14 -1.720219076e-02 -8.464330016e-02
7.509340600e-02 1.422092732e-03 1.009684193e-10 1.177253829e-14 -1.552740166e-02 -8.538495216e-02
7.508806255e-02 1.424718264e-03 9.968254406e-11 1.168855630e-14 -1.384816773e-02 -8.604551787e-02
7.508305358e-02 1.427323874e-03 9.838555578e-11 1.182373683e-14 -1.216499561e-02 -8.662453113e-02
7.507850490e-02 1.429911916e-03 9.707793601e-11 1.179893634e-14 -1.047838435e-02 -8.712158834e-02
7.507452720e-02 1.432484468e-03 9.575977945e-11 1.180296321e-14 -8.788826212e-03 -8.753634773e-02
7.507121577e-02 1.435043321e-03 9.443152305e-11 1.170779726e-14 -7.096807526e-03 -8.786852863e-02
7.506865026e-02 1.437589972e-03 9.309335963e-11 1.190138174e-14 -5.402809524e-03 -8.811791094e-02
7.506689447e-02 1.440125624e-03 9.174553680e-11 1.181039214e-14 -3.707309260e-03 -8.828433458e-02
7.506599618e-02 1.442651173e-03 9.038798632e-11 1.201362827e-14 -2.010780532e-03 -8.836769910e-02
7.506598706e-02 1.445167211e-03 8.902135615e-11 1.215490915e-14 -3.136948318e-04 -8.836796335e-02
7.506688255e-02 1.447674018e-03 8.764536978e-11 1.234846779e-14 1.383477696e-03 -8.828514525e-02
7.506868182e-02 1.450171561e-03 8.626046977e-11 1.247602988e-14 3.080267278e-03 -8.811932170e-02
7.507136780e-02 1.452659496e-03 8.486665730e-11 1.268726731e-14 4.776203546e-03 -8.787062854e-02
7.507490724e-02 1.455137161e-03 8.346394253e-11 1.290960714e-14 6.470814560e-03 -8.753926067e-02
7.507925071e-02 1.457603581e-03 8.205264702e-11 1.307167260e-14 8.163625857e-03 -8.712547220e-02
7.508433283e-02 1.460057465e-03 8.063278933e-11 1.346834023e-14 9.854159500e-03 -8.662957679e-02
7.509007238e-02 1.462497212e-03 7.920420572e-11 1.350978914e-14 1.154193316e-02 -8.605194800e-02
7.509637249e-02 1.464920911e-03 7.776717357e-11 1.380669376e-14 1.322645924e-02 -8.539301976e-02
7.510312095e-02 1.467326346e-03 7.632134803e-11 1.391482494e-14 1.490724397e-02 -8.465328694e-02
7.511019044e-02 1.469710998e-03 7.486761757e-11 1.407007823e-14 1.658378664e-02 -8.383330598e-02
7.511743886e-02 1.472072052e-03 7.340508867e-11 1.413145819e-14 1.825557878e-02 -8.293369556e-02
7.512470971e-02 1.474406404e-03 7.193419887e-11 1.415599795e-14 1.992210346e-02 -8.195513735e-02
7.513183243e-02 1.476710663e-03 7.045494967e-11 1.416030991e-14 2.158283459e-02 -8.089837684e-02
7.513862287e-02 1.478981163e-03 6.896727755e-11 1.434038055e-14 2.323723631e-02 -7.976422410e-02
7.514488369e-02 1.481213969e-03 6.747120296e-11 1.448241061e-14 2.488476244e-02 -7.855355470e-02
7.515040486e-02 1.483404884e-03 6.596658873e-11 1.448381632e-14 2.652485595e-02 -7.726731049e-02
7.515496416e-02 1.485549462e-03 6.445359527e-11 1.433237780e-14 2.815694857e-02 -7.590650052e-02
7.515832769e-02 1.487643013e-03 6.293198107e-11 1.441153380e-14 2.978046038e-02 -7.447220184e-02
7.516025043e-02 1.489680616e-03 6.140213684e-11 1.428799804e-14 3.139479955e-02 -7.296556033e-02
7.516047676e-02 1.491657129e-03 5.986375560e-11 1.414664883e-14 3.299936211e-02 -7.138779144e-02
7.515874109e-02 1.493567200e-03 5.831707340e-11 1.408881836e-14 3.459353176e-02 -6.974018094e-02
7.515476842e-02 1.495405278e-03 5.676173689e-11 1.396407271e-14 3.617667984e-02 -6.802408553e-02
7.514827495e-02 1.497165626e-03 5.519797227e-11 1.393079860e-14 3.774816529e-02 -6.624093343e-02
7.513896870e-02 1.498842330e-03 5.362581514e-11 1.387666696e-14 3.930733471e-02 -6.439222488e-02
7.512655009e-02 1.500429314e-03 5.204516852e-11 1.365014782e-14 4.085352251e-02 -6.247953246e-02
7.511071263e-02 1.501920352e-03 5.045634031e-11 1.366156490e-14 4.238605108e-02 -6.050450141e-02
7.509114351e-02 1.503309078e-03 4.885897079e-11 1.346663038e-14 4.390423110e-02 -5.846884973e-02
7.506752423e-02 1.504589003e-03 4.725336686e-11 1.337774412e-14 4.540736184e-02 -5.637436823e-02
7.503953122e-02 1.505753522e-03 4.563963853e-11 1.325784210e-14 4.689473159e-02 -5.422292039e-02
7.500683653e-02 1.506795934e-03 4.401766534e-11 1.309424130e-14 4.836561810e-02 -5.201644207e-02
7.496910835e-02 1.507709446e-03 4.238797202e-11 1.321166678e-14 4.981928909e-02 -4.975694110e-02
7.492601174e-02 1.508487194e-03 4.075010051e-11 1.282295488e-14 5.125500286e-02 -4.744649671e-02
7.487720916e-02 1.509122250e-03 3.910454470e-11 1.272691682e-14 5.267200890e-02 -4.508725873e-02
7.482236111e-02 1.509607636e-03 3.745139505e-11 1.270951852e-14 5.406954860e-02 -4.268144671e-02
7.476112672e-02 1.509936338e-03 3.579061501e-11 1.265541725e-14 5.544685591e-02 -4.023134884e-02
7.469316435e-02 1.510101315e-03 3.412260502e-11 1.236832973e-14 5.680315821e-02 -3.773932064e-02
7.461813213e-02 1.510095515e-03 3.244734244e-11 1.237222947e-14 5.813767706e-02 -3.520778357e-02
7.453568856e-02 1.509911883e-03 3.076503347e-11 1.211354579e-14 5.944962905e-02 -3.263922337e-02
7.444549302e-02 1.509543375e-03 2.907611446e-11 1.185985938e-14 6.073822675e-02 -3.003618831e-02
7.434720636e-02 1.508982969e-03 2.738069424e-11 1.184739940e-14 6.200267957e-02 -2.740128718e-02
7.424049135e-02 1.508223675e-03 2.567912866e-11 1.159802713e-14 6.324219472e-02 -2.473718720e-02
7.412501326e-02 1.507258546e-03 2.397134978e-11 1.139794258e-14 6.445597821e-02 -2.204661166e-02
7.400044029e-02 1.506080691e-03 2.225801821e-11 1.117286144e-14 6.564323581e-02 -1.933233747e-02
7.386644409e-02 1.504683282e-03 2.053926775e-11 1.103320867e-14 6.680317411e-02 -1.659719254e-02
7.372270019e-02 1.503059565e-03 1.881547289e-11 1.070311976e-14 6.793500148e-02 -1.384405292e-02
7.356888847e-02 1.501202872e-03 1.708708546e-11 1.010650310e-14 6.903792918e-02 -1.107583988e-02
7.340469357e-02 1.499106626e-03 1.535418066e-11 9.906068635e-15 7.011117238e-02 -8.295516828e-03
7.322980531e-02 1.496764355e-03 1.361741201e-11 9.455077792e-15 7.115395121e-02 -5.506086012e-03
7.304391910e-02 1.494169696e-03 1.187708777e-11 9.149142529e-15 7.216549185e-02 -2.710585170e-03
7.284673629e-02 1.491316406e-03 1.013350452e-11 8.689766674e-15 7.314502758e-02 8.791599636e-05
7.263796454e-02 1.488198371e-03 8.387134500e-12 8.092751826e-15 7.409179982e-02 2.886319460e-03
7.241731822e-02 1.484809611e-03 6.638417953e-12 7.536303814e-15 7.500505927e-02 5.681502618e-03
7.218451865e-02 1.481144290e-03 4.887955989e-12 7.043529932e-15 7.588406685e-02 8.470322157e-03
7.193929452e-02 1.477196721e-03 3.136023202e-12 6.563844893e-15 7.672809485e-02 1.124961801e-02
7.168138210e-02 1.472961375e-03 1.383186145e-12 5.870353787e-15 7.753642793e-02 1.401621741e-02
7.141052560e-02 1.468432886e-03 -3.699738704e-13 5.496311263e-15 7.830836412e-02 1.676693903e-02
7.112647738e-02 1.463606057e-03 -2.123189793e-12 4.972758940e-15 7.904321591e-02 1.949859717e-02
7.082899827e-02 1.458475867e-03 -3.875452199e-12 4.503614798e-15 7.974031115e-02 2.220800609e-02
7.051785776e-02 1.453037477e-03 -5.626389033e-12 4.197353896e-15 8.039899413e-02 2.489198428e-02
7.019283425e-02 1.447286233e-03 -7.375877085e-12 3.720196536e-15 8.101862647e-02 2.754735886e-02
6.985371528e-02 1.441217673e-03 -9.122868297e-12 3.634755187e-15 8.159858812e-02 3.017097002e-02
6.950029769e-02 1.434827531e-03 -1.086699674e-11 3.354923677e-15 8.213827825e-02 3.275967545e-02
6.913238786e-02 1.428111743e-03 -1.260750869e-11 3.049620309e-15 8.263711617e-02 3.531035485e-02
6.874980184e-02 1.421066448e-03 -1.434413031e-11 2.968037804e-15 8.309454220e-02 3.781991434e-02
6.835236556e-02 1.413687994e-03 -1.607585876e-11 2.539350400e-15 8.351001854e-02 4.028529104e-02
6.793991492e-02 1.405972942e-03 -1.780208145e-11 2.508109709e-15 8.388303008e-02 4.270345749e-02
6.751229601e-02 1.397918069e-03 -1.952234433e-11 2.408672399e-15 8.421308524e-02 4.507142614e-02
6.706936516e-02 1.389520369e-03 -2.123593647e-11 2.318928418e-15 8.449971671e-02 4.738625380e-02
6.661098911e-02 1.380777061e-03 -2.294223213e-11 2.223532320e-15 8.474248224e-02 4.964504609e-02
6.613704510e-02 1.371685587e-03 -2.464045922e-11 2.284333397e-15 8.494096534e-02 5.184496176e-02
6.564742099e-02 1.362243615e-03 -2.633007134e-11 2.177887809e-15 8.509477599e-02 5.398321707e-02
6.514201533e-02 1.352449044e-03 -2.801028942e-11 2.010341828e-15 8.520355133e-02 5.605709007e-02
6.462073745e-02 1.342300004e-03 -2.968054153e-11 1.836291990e-15 8.526695629e-02 5.806392480e-02
6.408350753e-02 1.331794860e-03 -3.134017050e-11 1.595614919e-15 8.528468418e-02 6.000113546e-02
6.353025667e-02 1.320932210e-03 -3.298834947e-11 1.768790589e-15 8.525645733e-02 6.186621048e-02
6.296092697e-02 1.309710890e-03 -3.462427591e-11 1.369803514e-15 8.518202763e-02 6.365671651e-02
6.237547153e-02 1.298129974e-03 -3.624739732e-11 1.024879664e-15 8.506117701e-02 6.537030231e-02
6.177385453e-02 1.286188776e-03 -3.785688015e-11 6.904172114e-16 8.489371801e-02 6.700470257e-02
6.115605125e-02 1.273886850e-03 -3.945225794e-11 6.313674603e-16 8.467949417e-02 6.855774157e-02
6.052204806e-02 1.261223990e-03 -4.103254209e-11 3.274501438e-16 8.441838051e-02 7.002733677e-02
5.987184245e-02 1.248200232e-03 -4.259718843e-11 -1.279372743e-16 8.411028384e-02 7.141150226e-02
5.920544301e-02 1.234815852e-03 -4.414566226e-11 -8.997665633e-17 8.375514318e-02 7.270835206e-02
5.852286939e-02 1.221071368e-03 -4.567673201e-11 -5.839459737e-16 8.335292997e-02 7.391610327e-02
5.782415228e-02 1.206967539e-03 -4.718993847e-11 -8.592166916e-16 8.290364838e-02 7.503307911e-02
5.710933331e-02 1.192505360e-03 -4.868474547e-11 -1.079191756e-15 8.240733549e-02 7.605771179e-02
5.637846503e-02 1.177686066e-03 -5.016008504e-11 -1.372355786e-15 8.186406143e-02 7.698854516e-02
5.563161077e-02 1.162511127e-03 -5.161537405e-11 -1.311320396e-15 8.127392952e-02 7.782423726e-02
5.486884457e-02 1.146982249e-03 -5.304998178e-11 -1.706533550e-15 8.063707634e-02 7.856356270e-02
5.409025110e-02 1.131101368e-03 -5.446318980e-11 -1.731727854e-15 7.995367180e-02 7.920541483e-02
5.329592553e-02 1.114870652e-03 -5.585436800e-11 -1.655283149e-15 7.922391911e-02 7.974880781e-02
5.248597348e-02 1.098292497e-03 -5.722263815e-11 -1.690275918e-15 7.844805488e-02 8.019287850e-02
5.166051095e-02 1.081369528e-03 -5.856742296e-11 -1.732978518e-15 7.762634914e-02 8.053688823e-02
5.081966429e-02 1.064104596e-03 -5.988810186e-11 -1.558958306e-15 7.675910536e-02 8.078022445e-02
4.996357022e-02 1.046500781e-03 -6.118393606e-11 -1.709039391e-15 7.584666059e-02 8.092240228e-02
4.909237585e-02 1.028561391e-03 -6.245424715e-11 -1.597319576e-15 7.488938555e-02 8.096306593e-02
4.820623881e-02 1.010289963e-03 -6.369837310e-11 -1.461636392e-15 7.388768483e-02 8.090199011e-02
4.730532732e-02 9.916902702e-04 -6.491534851e-11 -1.611281611e-15 7.284199712e-02 8.073908124e-02
4.638982040e-02 9.727663193e-04 -6.610501079e-11 -1.378288815e-15 7.175279541e-02 8.047437867e-02
4.545990801e-02 9.535223583e-04 -6.726647633e-11 -1.305629798e-15 7.062058728e-02 8.010805563e-02
4.451579118e-02 9.339628778e-04 -6.839927144e-11 -1.140316845e-15 6.944591504e-02 7.964042010e-02
4.355768214e-02 9.140926132e-04 -6.950255548e-11 -1.006688834e-15 6.822935591e-02 7.907191542e-02
4.258580431e-02 8.939165456e-04 -7.057569774e-11 -1.098886401e-15 6.697152190e-02 7.840312055e-02
4.160039226e-02 8.734398995e-04 -7.161841278e-11 -1.126515430e-15 6.567305968e-02 7.763474996e-02
4.060169139e-02 8.526681374e-04 -7.263003542e-11 -1.062781684e-15 6.433464997e-02 7.676765306e-02
3.958995755e-02 8.316069507e-04 -7.360993842e-11 -1.042337201e-15 6.295700680e-02 7.580281308e-02
3.856545640e-02 8.102622470e-04 -7.455741998e-11 -9.094328400e-16 6.154087630e-02 7.474134529e-02
3.752846257e-02 7.886401314e-04 -7.547226893e-11 -9.022823086e-16 6.008703521e-02 7.358449472e-02
3.647925863e-02 7.667468863e-04 -7.635388258e-11 -9.531893030e-16 5.859628903e-02 7.233363314e-02
3.541813400e-02 7.445889461e-04 -7.720169606e-11 -9.761667633e-16 5.706946988e-02 7.099025560e-02
3.434538365e-02 7.221728716e-04 -7.801537631e-11 -9.249129933e-16 5.550743428e-02 6.955597652e-02
3.326130692e-02 6.995053243e-04 -7.879421647e-11 -9.051244150e-16 5.391106083e-02 6.803252558e-02
3.216620644e-02 6.765930434e-04 -7.953782425e-11 -9.780867130e-16 5.228124813e-02 6.642174363e-02
3.106038728e-02 6.534428275e-04 -8.024586090e-11 -9.374238437e-16 5.061891302e-02 6.472557885e-02
2.994415647e-02 6.300615248e-04 -8.091768163e-11 -8.193975998e-16 4.892498941e-02 6.294608351e-02
2.881782297e-02 6.064560322e-04 -8.155293263e-11 -7.853997296e-16 4.720042787e-02 6.108541157e-02
2.768169825e-02 5.826333064e-04 -8.215109685e-11 -7.210087949e-16 4.544619609e-02 5.914581730e-02
2.653609739e-02 5.586003881e-04 -8.271166553e-11 -6.056788108e-16 4.366328034e-02 5.712965510e-02
2.538134081e-02 5.343644367e-04 -8.323401953e-11 -5.487792327e-16 4.185268785e-02 5.503938053e-02
2.421775644e-02 5.099327775e-04 -8.371800303e-11 -5.450520353e-16 4.001545008e-02 5.287755239e-02
2.304568234e-02 4.853129548e-04 -8.416303480e-11 -3.868710452e-16 3.815262656e-02 5.064683561e-02
2.186546938e-02 4.605127897e-04 -8.456866469e-11 -3.222076451e-16 3.626530904e-02 4.835000451e-02
2.067748390e-02 4.355404353e-04 -8.493452463e-11 -3.370340957e-16 3.435462549e-02 4.598994578e-02
1.948211002e-02 4.104044245e-04 -8.526033607e-11 -2.308311707e-16 3.242174353e-02 4.356966076e-02
1.827975120e-02 3.851137039e-04 -8.554577687e-11 -2.434188053e-16 3.046787272e-02 4.109226601e-02
1.707083098e-02 3.596776483e-04 -8.579063749e-11 -2.164995231e-16 2.849426537e-02 3.856099189e-02
1.585579256e-02 3.341060523e-04 -8.599489294e-11 -1.746166512e-16 2.650221541e-02 3.597917826e-02
1.463509714e-02 3.084090942e-04 -8.615856252e-11 -4.086122692e-17 2.449305519e-02 3.335026735e-02
1.340922100e-02 2.825972750e-04 -8.628179807e-11 -9.050674078e-17 2.246815007e-02 3.067779333e-02
1.217865144e-02 2.566813320e-04 -8.636490142e-11 -1.556505157e-16 2.042889111e-02 2.796536909e-02
1.094388176e-02 2.306721333e-04 -8.640845831e-11 -1.655503097e-16 1.837668607e-02 2.521667063e-02
9.705405714e-03 2.045805595e-04 -8.641270389e-11 -2.642601259e-16 1.631294950e-02 2.243541978e-02
8.463711726e-03 1.784173825e-04 -8.637848820e-11 -3.438547588e-16 1.423909238e-02 1.962536637e-02
7.219277473e-03 1.521931504e-04 -8.630635365e-11 -3.377657462e-16 1.215651232e-02 1.679027093e-02
6.157746705e-03 1.298219907e-04 -8.841090822e-11 -3.823867989e-16 1.037841144e-02 1.436457587e-02
5.252261818e-03 1.107383074e-04 -9.274579033e-11 -3.973387227e-16 8.860316276e-03 1.228922069e-02
4.479900719e-03 9.445935461e-05 -9.942077238e-11 -4.093205454e-16 7.564235424e-03 1.051364576e-02
3.821102761e-03 8.057315540e-05 -1.086045674e-10 -4.128352025e-16 6.457719143e-03 8.994574761e-03
3.259177588e-03 6.872816517e-05 -1.205292361e-10 -4.191620907e-16 5.513054039e-03 7.694969702e-03
2.779885201e-03 5.862443313e-05 -1.354959417e-10 -4.302745647e-16 4.706573844e-03 6.583134519e-03
2.371077069e-03 5.000604826e-05 -1.538825552e-10 -5.044850714e-16 4.018069838e-03 5.631946635e-03
2.022389541e-03 4.265468574e-05 -1.761533091e-10 -4.976102806e-16 3.430286717e-03 4.818198430e-03
1.724982014e-03 3.638409512e-05 -2.028703524e-10 -4.783910065e-16 2.928491642e-03 4.122033092e-03
1.471313379e-03 3.103539399e-05 -2.347080724e-10 -4.772553825e-16 2.500105962e-03 3.526461467e-03
1.254951193e-03 2.647305044e-05 -2.724700236e-10 -4.290822406e-16 2.134390549e-03 3.016948358e-03
1.070408811e-03 2.258145383e-05 -3.171092336e-10 -3.574143378e-16 1.822176990e-03 2.581058363e-03
9.130063977e-04 1.926198844e-05 -3.697521891e-10 -3.609091407e-16 1.555637996e-03 2.208152730e-03
7.787523432e-04 1.643053623e-05 -4.317273598e-10 -3.906898393e-16 1.328091310e-03 1.889129904e-03
6.642420824e-04 1.401534626e-05 -5.045985051e-10 -3.697749304e-16 1.133832266e-03 1.616203496e-03
5.665717796e-04 1.195521688e-05 -5.902042738e-10 -4.167444111e-16 9.679908004e-04 1.382712295e-03
4.832646952e-04 1.019794498e-05 -6.907044258e-10 -4.495141613e-16 8.264093747e-04 1.182957704e-03
4.122083747e-04 8.699003045e-06 -8.086345587e-10 -4.354831198e-16 7.055387346e-04 1.012064644e-03
3.516010719e-04 7.420410634e-06 -9.469696444e-10 -4.281886763e-16 6.023489197e-04 8.658625569e-04
2.999060495e-04 6.329771786e-06 -1.109199308e-09 -4.100939495e-16 5.142532860e-04 7.407835920e-04
2.558125993e-04 5.399453865e-06 -1.299415762e-09 -3.469908194e-16 4.390436434e-04 6.337755058e-04
2.182027963e-04 4.605887166e-06 -1.522416802e-09 -2.935303472e-16 3.748348810e-04 5.422271456e-04
1.861231412e-04 3.928967492e-06 -1.783827033e-09 -2.797500617e-16 3.200176952e-04 4.639047018e-04
1.587603751e-04 3.351546568e-06 -2.090239359e-09 -2.063485983e-16 2.732182331e-04 3.968971733e-04
1.354208508e-04 2.858997399e-06 -2.449381240e-09 -1.567608850e-16 2.332636421e-04 3.395697138e-04
1.155129390e-04 2.438843525e-06 -2.870309552e-09 -1.362111412e-16 1.991526593e-04 2.905237208e-04
9.853202258e-05 2.080442814e-06 -3.363638832e-09 -5.774106087e-17 1.700305050e-04 2.485626934e-04
8.404769766e-05 1.774717731e-06 -3.941808724e-09 4.630065529e-17 1.451674503e-04 2.126630246e-04
7.169285823e-05 1.513925294e-06 -4.619397383e-09 1.436497297e-16 1.239405196e-04 1.819490146e-04
6.115438580e-05 1.291460840e-06 -5.413489042e-09 2.480824694e-16 1.058178724e-04 1.556714966e-04
5.216520888e-05 1.101690661e-06 -6.344104376e-09 3.912319406e-16 9.034546881e-05 1.331895503e-04
4.449753045e-05 9.398092403e-07 -7.434704889e-09 4.778735275e-16 7.713568691e-05 1.139548598e-04
3.795705160e-05 8.017174883e-07 -8.712784332e-09 5.804816281e-16 6.585760595e-05 9.749833145e-05
3.237804494e-05 6.839188821e-07 -1.021056111e-08 6.965341860e-16 5.622871077e-05 8.341864586e-05
2.761915256e-05 5.834308746e-07 -1.196579023e-08 7.804676286e-16 4.800781030e-05 7.137246458e-05
2.355980211e-05 4.977093323e-07 -1.402271446e-08 8.841440443e-16 4.098899217e-05 6.106605203e-05
2.009715007e-05 4.245840823e-07 -1.643317880e-08 9.960320278e-16 3.499646182e-05 5.224810819e-05
1.714347449e-05 3.622039369e-07 -1.925793663e-08 1.028553706e-15 2.988013666e-05 4.470363708e-05
1.462395137e-05 3.089898002e-07 -2.256818003e-08 1.050921612e-15 2.551188491e-05 3.824870137e-05
1.247475792e-05 2.635946702e-07 -2.644733323e-08 1.078435332e-15 2.178231463e-05 3.272593491e-05
1.064145488e-05 2.248695213e-07 -3.099315376e-08 1.010025700e-15 1.859803256e-05 2.800070378e-05
9.077606719e-06 1.918342024e-07 -3.632019502e-08 9.239411885e-16 1.587930400e-05 2.395782201e-05
7.743604761e-06 1.636526138e-07 -4.256269117e-08 8.905637221e-16 1.355805496e-05 2.049874193e-05
6.605663367e-06 1.396115332e-07 -4.987793818e-08 7.990138699e-16 1.157616665e-05 1.753915046e-05
5.634963761e-06 1.191025549e-07 -5.845025527e-08 6.738991621e-16 9.884019375e-06 1.500691272e-05
4.806923745e-06 1.016066832e-07 -6.849562694e-08 5.969047587e-16 8.439249557e-06 1.284031275e-05
4.100574808e-06 8.668119172e-08 -8.026714187e-08 4.697697384e-16 7.205688441e-06 1.098654844e-05
3.498030829e-06 7.394841330e-08 -9.406136651e-08 3.096140440e-16 6.152456129e-06 9.400443879e-06
2.984034906e-06 6.308617825e-08 -1.102258131e-07 1.782806731e-16 5.253188096e-06 8.043347755e-06
2.545572814e-06 5.381965845e-08 -1.291676898e-07 2.948011048e-17 4.485374853e-06 6.882190903e-06
2.171543305e-06 4.591440929e-08 -1.513641549e-07 -1.186921563e-16 3.829798185e-06 5.888680005e-06
1.852476879e-06 3.917043521e-08 -1.773743304e-07 -1.988655715e-16 3.270049848e-06 5.038607764e-06
1.580295909e-06 3.341712715e-08 -2.078533799e-07 -3.050255865e-16 2.792120661e-06 4.311262742e-06
1.348110032e-06 2.850894397e-08 -2.435690040e-07 -4.090668672e-16 2.384049694e-06 3.688924440e-06
1.150041617e-06 2.432172886e-08 -2.854207678e-07 -4.273143762e-16 2.035624758e-06 3.156431323e-06
9.810769029e-07 2.074956677e-08 -3.344627487e-07 -4.297305465e-16 1.738126698e-06 2.700811239e-06
8.369390126e-07 1.770210416e-08 -3.919300718e-07 -4.560804003e-16 1.484111088e-06 2.310965223e-06
7.139796386e-07 1.510226207e-08 -4.592700036e-07 -4.266589446e-16 1.267221842e-06 1.977396972e-06
6.090866521e-07 1.288428593e-08 -5.381783838e-07 -4.021121945e-16 1.082032082e-06 1.691981399e-06
5.196052934e-07 1.099208135e-08 -6.306423141e-07 -3.730797716e-16 9.239082851e-07 1.447766609e-06
4.432709477e-07 9.377794901e-09 -7.389901769e-07 -3.230669611e-16 7.888942839e-07 1.238804481e-06
3.781518026e-07 8.000603194e-09 -8.659502421e-07 -2.494450191e-16 6.736122383e-07 1.060005716e-06
3.225999349e-07 6.825680059e-09 -1.014719339e-06 -2.108318677e-16 5.751780826e-07 9.070158228e-07
2.752095867e-07 5.823315352e-09 -1.189043316e-06 -1.330186807e-16 4.911293374e-07 7.761090077e-07
2.347815751e-07 4.968163291e-09 -1.393311324e-06 -4.194034970e-17 4.193634760e-07 6.640973969e-07
2.002929328e-07 4.238601333e-09 -1.632666274e-06 -4.845317066e-17 3.580853023e-07 5.682533619e-07
1.708710109e-07 3.616183291e-09 -1.913134276e-06 -2.102595448e-18 3.057620232e-07 4.862430655e-07
1.457713887e-07 3.085172318e-09 -2.241776291e-06 3.321928265e-17 2.610848885e-07 4.160696024e-07
1.243590288e-07 2.632143474e-09 -2.626865826e-06 1.535686305e-17 2.229364401e-07 3.560243522e-07
1.060922038e-07 2.245643445e-09 -3.078097136e-06 1.103448930e-17 1.903625492e-07 3.046453555e-07
9.050878372e-08 1.915901459e-09 -3.606829173e-06 5.820189402e-17 1.625485408e-07 2.606817017e-07
7.721453965e-08 1.634581654e-09 -4.226371414e-06 6.416163397e-17 1.387988098e-07 2.230630589e-07
6.587316570e-08 1.394572719e-09 -4.952318772e-06 3.249854698e-17 1.185194158e-07 1.908736024e-07
5.619776791e-08 1.189807733e-09 -5.802943990e-06 4.164570434e-17 1.012032238e-07 1.633297092e-07
4.794360344e-08 1.015110866e-09 -6.799657412e-06 9.923851170e-18 8.641721506e-08 1.397608719e-07
4.090188725e-08 8.660665236e-10 -7.967545686e-06 -7.427720454e-18 7.379165512e-08 1.195933691e-07
3.489450841e-08 7.389074509e-10 -9.336002940e-06 5.835704535e-18 6.301084356e-08 1.023362927e-07
2.976952337e-08 6.304199013e-10 -1.093947033e-05 2.253373180e-17 5.380521674e-08 8.756959373e-08
2.539731093e-08 5.378619658e-10 -1.281830251e-05 6.986838949e-17 4.594460457e-08 7.493385264e-08
2.166729270e-08 4.588944063e-10 -1.501978293e-05 1.074391331e-16 3.923247308e-08 6.412152755e-08
1.848513506e-08 3.915216630e-10 -1.759931330e-05 1.446747408e-16 3.350100853e-08 5.486946572e-08
1.577036270e-08 3.340410798e-10 -2.062180737e-05 1.513199956e-16 2.860691996e-08 4.695249582e-08
1.345432236e-08 2.850001146e-10 -2.416332387e-05 1.872571876e-16 2.442785549e-08 4.017794558e-08
1.147844604e-08 2.431595716e-10 -2.831297982e-05 2.265928857e-16 2.085934189e-08 3.438095072e-08
9.792769435e-09 2.074621091e-10 -3.317519226e-05 2.055772655e-16 1.781217220e-08 2.942044111e-08
8.354667836e-09 1.770057850e-10 -3.887230476e-05 2.348517092e-16 1.521017443e-08 2.517570649e-08
7.127778002e-09 1.510210090e-10 -4.554766481e-05 2.873354356e-16 1.298830699e-08 2.154345749e-08
6.081078066e-09 1.288513064e-10 -5.336922943e-05 3.354858755e-16 1.109103186e-08 1.843531182e-08
5.188103200e-09 1.099364925e-10 -6.253378966e-05 4.236130085e-16 9.470926100e-09 1.577564200e-08
4.426275908e-09 9.379873626e-11 -7.327192022e-05 5.436821593e-16 8.087495858e-09 1.349973517e-08
3.776335264e-09 8.003030722e-11 -8.585377870e-05 6.312196328e-16 6.906163966e-09 1.155221739e-08
3.221849512e-09 6.828334084e-11 -1.005959002e-04 7.729487190e-16 5.897405313e-09 9.885706089e-09
2.748800625e-09 5.826105160e-11 -1.178691580e-04 8.893637213e-16 5.036008678e-09 8.459656659e-09
2.345229771e-09 4.971026814e-11 -1.381080911e-04 9.333633023e-16 4.300446326e-09 7.239375832e-09
2.000934754e-09 4.241500639e-11 -1.618218319e-04 9.965982005e-16 3.672335918e-09 6.195177076e-09
1.707212062e-09 3.619100275e-11 -1.896069102e-04 1.112786373e-15 3.135980894e-09 5.301658456e-09
1.456637040e-09 3.088100613e-11 -2.221622545e-04 1.220725949e-15 2.677977984e-09 4.537084056e-09
1.242875687e-09 2.635096642e-11 -2.603067678e-04 1.399733783e-15 2.286882266e-09 3.882855317e-09
1.060524785e-09 2.248639899e-11 -3.049999198e-04 1.650360841e-15 1.952921046e-09 3.323058260e-09
9.049751640e-10 1.918967948e-11 -3.573658744e-04 1.859617343e-15 1.667749424e-09 2.844076382e-09
7.722952675e-10 1.637758959e-11 -4.187217560e-04 2.134701500e-15 1.424241953e-09 2.434259176e-09
6.591316183e-10 1.397907030e-11 -4.906107693e-04 2.515296459e-15 1.216314339e-09 2.083638869e-09
5.626241679e-10 1.193356420e-11 -5.748410009e-04 2.915427447e-15 1.038771456e-09 1.783687645e-09
4.803337214e-10 1.018938711e-11 -6.735308818e-04 3.388517079e-15 8.871773697e-10 1.527110260e-09
4.101806113e-10 8.702531860e-12 -7.891624510e-04 3.987644664e-15 7.577447465e-10 1.307666625e-09
3.503918760e-10 7.435393824e-12 -9.246437599e-04 4.648796030e-15 6.472398886e-10 1.120019816e-09
2.994566939e-10 6.355977976e-12 -1.083381987e-03 5.445400143e-15 5.529020915e-10 9.596063770e-10
2.560878066e-10 5.437001966e-12 -1.269369099e-03 6.364599109e-15 4.723746260e-10 8.225252292e-10
2.191891845e-10 4.655372256e-12 -1.487282212e-03 7.434932357e-15 4.036457537e-10 7.054428539e-10
1.878284609e-10 3.991284677e-12 -1.742601176e-03 8.694788697e-15 3.449986264e-10 6.055120880e-10
1.612131805e-10 3.427987081e-12 -2.041746339e-03 1.020188308e-14 2.949682075e-10 5.203029603e-10
1.386708700e-10 2.951229179e-12 -2.392239949e-03 1.191714709e-14 2.523047404e-10 4.477434239e-10
1.196318240e-10 2.549025953e-12 -2.802895253e-03 1.389723822e-14 2.159425743e-10 3.860692016e-10
1.036150598e-10 2.211183427e-12 -3.284038050e-03 1.622112742e-14 1.849734018e-10 3.337806351e-10
9.021586984e-11 1.929169663e-12 -3.847766256e-03 1.893116366e-14 1.586237336e-10 2.896063515e-10
7.909568101e-11 1.695850937e-12 -4.508254014e-03 2.207577687e-14 1.362353568e-10 2.524723375e-10
6.997359600e-11 1.505350447e-12 -5.282107988e-03 2.578714804e-14 1.172491831e-10 2.214757276e-10
6.261908865e-11 1.352817051e-12 -6.188784789e-03 3.009982986e-14 1.011909114e-10 1.958628482e-10
5.684632911e-11 1.234512973e-12 -7.251080036e-03 3.512582599e-14 8.765949316e-11 1.750110679e-10
5.250947369e-11 1.147366190e-12 -8.495701328e-03 4.108059042e-14 7.631697700e-11 1.584133297e-10
4.949903722e-11 1.089147298e-12 -9.953939534e-03 4.799234111e-14 6.688018817e-11 1.456661964e-10
4.773887786e-11 1.058407331e-12 -1.166245527e-02 5.605775646e-14 5.911337427e-11 1.364597581e-10
4.718446818e-11 1.054368377e-12 -1.366420032e-02 6.557020666e-14 5.282257934e-11 1.305700277e-10
4.782176732e-11 1.076969073e-12 -1.600949717e-02 7.669384021e-14 4.785074220e-11 1.278538915e-10
4.966703486e-11 1.126702707e-12 -1.875730372e-02 8.969371292e-14 4.407365330e-11 1.282452161e-10
5.149260146e-11 1.176037447e-12 -2.149554629e-02 1.027182175e-13 4.026652841e-11 1.284637883e-10
5.329783980e-11 1.224771443e-12 -2.422281728e-02 1.155891027e-13 3.643178880e-11 1.285092378e-10
5.508191814e-11 1.273054141e-12 -2.693771184e-02 1.283368094e-13 3.257216368e-11 1.283814693e-10
5.684424367e-11 1.320720147e-12 -2.963882869e-02 1.410880622e-13 2.869029414e-11 1.280804003e-10
5.858392723e-11 1.367906252e-12 -3.232477087e-02 1.536499480e-13 2.478869167e-11 1.276066133e-10
6.030043516e-11 1.414520001e-12 -3.499414651e-02 1.661925026e-13 2.087019004e-11 1.269605244e-10
6.199283960e-11 1.460544381e-12 -3.764556957e-02 1.786397643e-13 1.693731449e-11 1.261430173e-10
6.366056593e-11 1.506025093e-12 -4.027766066e-02 1.910457701e-13 1.299295323e-11 1.251551146e-10
6.530286031e-11 1.550837599e-12 -4.288904773e-02 2.034111645e-13 9.039605965e-12 1.239980969e-10
6.691907236e-11 1.595013422e-12 -4.547836692e-02 2.156007617e-13 5.080020666e-12 1.226733718e-10
6.850855214e-11 1.638396852e-12 -4.804426324e-02 2.277892518e-13 1.116963808e-12 1.211827604e-10
7.007054100e-11 1.681258641e-12 -5.058539139e-02 2.399410088e-13 -2.846730488e-12 1.195280779e-10
7.160439398e-11 1.723335378e-12 -5.310041647e-02 2.519135715e-13 -6.808452144e-12 1.177116233e-10
7.310953885e-11 1.764573886e-12 -5.558801475e-02 2.637903710e-13 -1.076543243e-11 1.157358122e-10
7.458520319e-11 1.805295947e-12 -5.804687444e-02 2.756076709e-13 -1.471490135e-11 1.136031448e-10
7.603108486e-11 1.845027415e-12 -6.047569638e-02 2.873020568e-13 -1.865427972e-11 1.113165934e-10
7.744612641e-11 1.884134888e-12 -6.287319483e-02 2.988213453e-13 -2.258055902e-11 1.088791183e-10
7.882985284e-11 1.922457491e-12 -6.523809816e-02 3.102629272e-13 -2.649128644e-11 1.062939820e-10
8.018180683e-11 1.959856740e-12 -6.756914961e-02 3.215067374e-13 -3.038352434e-11 1.035646283e-10
8.150138050e-11 1.996578863e-12 -6.986510800e-02 3.326571487e-13 -3.425470781e-11 1.006949079e-10
8.278809713e-11 2.032348620e-12 -7.212474843e-02 3.435557604e-13 -3.810214953e-11 9.768839305e-11
8.404097492e-11 2.067300120e-12 -7.434686302e-02 3.543927914e-13 -4.192318609e-11 9.454940801e-11
8.525999705e-11 2.101463598e-12 -7.653026157e-02 3.649747152e-13 -4.571510730e-11 9.128197563e-11
8.644423511e-11 2.134766903e-12 -7.867377226e-02 3.751430693e-13 -4.947514304e-11 8.789050218e-11
8.759342752e-11 2.167000941e-12 -8.077624237e-02 3.853122154e-13 -5.320069474e-11 8.437970273e-11
8.870680284e-11 2.198522613e-12 -8.283653891e-02 3.951433592e-13 -5.688934017e-11 8.075414652e-11
8.978429935e-11 2.228905045e-12 -8.485354931e-02 4.047064976e-13 -6.053830330e-11 7.701878486e-11
9.082495598e-11 2.258595371e-12 -8.682618205e-02 4.140568820e-13 -6.414519401e-11 7.317889422e-11
9.182859749e-11 2.287362914e-12 -8.875336735e-02 4.231957080e-13 -6.770723567e-11 6.923920938e-11
9.279468779e-11 2.314836501e-12 -9.063405776e-02 4.320570703e-13 -7.122201892e-11 6.520535370e-11
9.372297071e-11 2.341468987e-12 -9.246722880e-02 4.405538834e-13 -7.468729492e-11 6.108262139e-11
9.461253815e-11 2.367308137e-12 -9.425187960e-02 4.489550588e-13 -7.810012394e-11 5.687681994e-11
9.546364087e-11 2.392085561e-12 -9.598703344e-02 4.571098617e-13 -8.145841004e-11 5.259350835e-11
9.627539074e-11 2.415748084e-12 -9.767173840e-02 4.650210157e-13 -8.475966556e-11 4.823845399e-11
9.704766979e-11 2.438553948e-12 -9.930506791e-02 4.726900044e-13 -8.800161387e-11 4.381767423e-11
9.777995991e-11 2.459972596e-12 -1.008861213e-01 4.799808486e-13 -9.118206794e-11 3.933706219e-11
9.847206515e-11 2.480472852e-12 -1.024140244e-01 4.869866353e-13 -9.429853942e-11 3.480283588e-11
9.912353314e-11 2.500036705e-12 -1.038879300e-01 4.938462984e-13 -9.734899632e-11 3.022109166e-11
9.973401550e-11 2.518254628e-12 -1.053070185e-01 5.003464915e-13 -1.003311264e-10 2.559799207e-11
1.003032501e-10 2.535808759e-12 -1.066704983e-01 5.068135487e-13 -1.032426234e-10 2.093986530e-11
1.008309622e-10 2.551998632e-12 -1.079776062e-01 5.130404244e-13 -1.060817358e-10 1.625318699e-11
1.013169453e-10 2.567246495e-12 -1.092276082e-01 5.188504410e-13 -1.088462024e-10 1.154429974e-11
1.017610578e-10 2.581111862e-12 -1.104197998e-01 5.241896643e-13 -1.115343078e-10 6.819497531e-12
1.021630603e-10 2.593996274e-12 -1.115535062e-01 5.295549863e-13 -1.141437696e-10 2.085408970e-12
1.025224073e-10 2.605996228e-12 -1.126280832e-01 5.345898722e-13 -1.166728801e-10 -2.651585156e-12
1.028392415e-10 2.616626254e-12 -1.136429173e-01 5.391996278e-13 -1.191199263e-10 -7.384983095e-12
1.031134213e-10 2.625948198e-12 -1.145974261e-01 5.435776584e-13 -1.214829401e-10 -1.210831501e-11
1.033446307e-10 2.634401860e-12 -1.154910589e-01 5.476440526e-13 -1.237603289e-10 -1.681505319e-11
1.035330341e-10 2.641456072e-12 -1.163232968e-01 5.515973272e-13 -1.259504534e-10 -2.149882864e-11
1.036777879e-10 2.647500638e-12 -1.170936534e-01 5.550399562e-13 -1.280515984e-10 -2.615309053e-11
1.037794514e-10 2.652601581e-12 -1.178016746e-01 5.584993597e-13 -1.300623896e-10 -3.077174787e-11
1.038378113e-10 2.656042652e-12 -1.184469395e-01 5.610097760e-13 -1.319811771e-10 -3.534810505e-11
1.038528877e-10 2.658638093e-12 -1.190290603e-01 5.637863618e-13 -1.338066850e-10 -3.987609515e-11
1.038242728e-10 2.659921236e-12 -1.195476829e-01 5.660979527e-13 -1.355376182e-10 -4.434944644e-11
1.037523687e-10 2.660013049e-12 -1.200024867e-01 5.680531185e-13 -1.371725721e-10 -4.876203321e-11
1.036370387e-10 2.658891415e-12 -1.203931853e-01 5.695343332e-13 -1.387102051e-10 -5.310775126e-11
1.034780942e-10 2.656818968e-12 -1.207195264e-01 5.709327969e-13 -1.401498834e-10 -5.738048810e-11
1.032759817e-10 2.653468780e-12 -1.209812924e-01 5.716459848e-13 -1.414901623e-10 -6.157468612e-11
1.030301632e-10 2.648656924e-12 -1.211783001e-01 5.720696940e-13 -1.427300514e-10 -6.568448451e-11
1.027410765e-10 2.642991073e-12 -1.213104011e-01 5.725509725e-13 -1.438687035e-10 -6.970408993e-11
1.024086317e-10 2.636243853e-12 -1.213774820e-01 5.724453277e-13 -1.449051634e-10 -7.362786469e-11
1.020330715e-10 2.627989236e-12 -1.213794647e-01 5.721019263e-13 -1.458388353e-10 -7.745059222e-11
1.016144300e-10 2.618861440e-12 -1.213163059e-01 5.711293361e-13 -1.466687641e-10 -8.116708683e-11
1.011530168e-10 2.608413166e-12 -1.211879977e-01 5.699991392e-13 -1.473945131e-10 -8.477194299e-11
1.006488303e-10 2.596824215e-12 -1.209945678e-01 5.688555046e-13 -1.480153970e-10 -8.826023622e-11
1.001022232e-10 2.584015338e-12 -1.207360790e-01 5.673108200e-13 -1.485307376e-10 -9.162716704e-11
9.951276814e-11 2.570175555e-12 -1.204126295e-01 5.653341916e-13 -1.489405305e-10 -9.486816906e-11
9.888156342e-11 2.555089324e-12 -1.200243532e-01 5.628618967e-13 -1.492443360e-10 -9.797862544e-11
9.820837175e-11 2.539116492e-12 -1.195714191e-01 5.604503679e-13 -1.494417155e-10 -1.009543992e-10
9.749354116e-11 2.521656379e-12 -1.190540319e-01 5.576187457e-13 -1.495325703e-10 -1.037912064e-10
9.673725241e-11 2.503302931e-12 -1.184724313e-01 5.544090242e-13 -1.495170547e-10 -1.064851093e-10
9.593977454e-11 2.483854821e-12 -1.178268927e-01 5.509809579e-13 -1.493944651e-10 -1.090325380e-10
9.510171511e-11 2.463237913e-12 -1.171177262e-01 5.473037371e-13 -1.491655497e-10 -1.114298170e-10
9.422277719e-11 2.441441709e-12 -1.163452772e-01 5.432699253e-13 -1.488298851e-10 -1.136735846e-10
9.330401166e-11 2.418462387e-12 -1.155099262e-01 5.388631687e-13 -1.483880678e-10 -1.157607540e-10
9.234573660e-11 2.394478369e-12 -1.146120881e-01 5.341181733e-13 -1.478401220e-10 -1.176884317e-10
9.134784234e-11 2.369780521e-12 -1.136522127e-01 5.293957815e-13 -1.471864057e-10 -1.194538329e-10
9.031090758e-11 2.343584817e-12 -1.126307841e-01 5.239388084e-13 -1.464274504e-10 -1.210545555e-10
8.923550042e-11 2.316371369e-12 -1.115483206e-01 5.185085030e-13 -1.455639052e-10 -1.224883484e-10
8.812205671e-11 2.288154360e-12 -1.104053745e-01 5.126435117e-13 -1.445958688e-10 -1.237531536e-10
8.697077068e-11 2.259104261e-12 -1.092025318e-01 5.065979099e-13 -1.435243099e-10 -1.248472462e-10
8.578230277e-11 2.228702228e-12 -1.079404119e-01 5.001698917e-13 -1.423500722e-10 -1.257690943e-10
8.455715026e-11 2.197516054e-12 -1.066196675e-01 4.934751714e-13 -1.410736107e-10 -1.265173051e-10
8.329578261e-11 2.165182221e-12 -1.052409840e-01 4.866330054e-13 -1.396960812e-10 -1.270908108e-10
8.199883180e-11 2.132173920e-12 -1.038050794e-01 4.794133414e-13 -1.382182855e-10 -1.274888269e-10
8.066647937e-11 2.097998657e-12 -1.023127037e-01 4.718657550e-13 -1.366413460e-10 -1.277107877e-10
7.929963386e-11 2.062884481e-12 -1.007646390e-01 4.642697354e-13 -1.349662558e-10 -1.277562950e-10
7.789856718e-11 2.026962836e-12 -9.916169860e-02 4.559881554e-13 -1.331941312e-10 -1.276252887e-10
7.646398243e-11 1.989927799e-12 -9.750472677e-02 4.479250290e-13 -1.313264350e-10 -1.273178982e-10
7.499667998e-11 1.952075284e-12 -9.579459848e-02 4.393300236e-13 -1.293643117e-10 -1.268344894e-10
7.349696649e-11 1.913344110e-12 -9.403221880e-02 4.308270320e-13 -1.273091195e-10 -1.261756996e-10
7.196558871e-11 1.873871160e-12 -9.221852247e-02 4.217918132e-13 -1.251624903e-10 -1.253423661e-10
7.040320045e-11 1.833589695e-12 -9.035447343e-02 4.127967232e-13 -1.229255811e-10 -1.243357737e-10
6.881039595e-11 1.792375183e-12 -8.844106433e-02 4.033061348e-13 -1.206002397e-10 -1.231572355e-10
6.718791543e-11 1.750321242e-12 -8.647931602e-02 3.939123519e-13 -1.181878960e-10 -1.218081611e-10
6.553628424e-11 1.707500541e-12 -8.447027701e-02 3.840036234e-13 -1.156904761e-10 -1.202906210e-10
6.385628349e-11 1.663943767e-12 -8.241502291e-02 3.740360313e-13 -1.131096907e-10 -1.186066695e-10
6.214877508e-11 1.619811635e-12 -8.031465591e-02 3.640388212e-13 -1.104472760e-10 -1.167584517e-10
6.041458158e-11 1.574762223e-12 -7.817030414e-02 3.535869639e-13 -1.077052886e-10 -1.147485124e-10
5.865388093e-11 1.529047741e-12 -7.598312116e-02 3.431153203e-13 -1.048853135e-10 -1.125796567e-10
5.686775999e-11 1.482900370e-12 -7.375428524e-02 3.326344081e-13 -1.019897497e-10 -1.102547549e-10
5.505720174e-11 1.435882595e-12 -7.148499883e-02 3.216616205e-13 -9.902051892e-11 -1.077771744e-10
5.322265429e-11 1.388168689e-12 -6.917648789e-02 3.105834331e-13 -9.597965755e-11 -1.051500798e-10
5.136510095e-11 1.339922947e-12 -6.683000119e-02 2.993475187e-13 -9.286940488e-11 -1.023773362e-10
4.948506969e-11 1.291028309e-12 -6.444680972e-02 2.879967807e-13 -8.969211526e-11 -9.946260907e-11
4.758353180e-11 1.241730327e-12 -6.202820593e-02 2.763062693e-13 -8.645006830e-11 -9.640997199e-11
4.566120930e-11 1.191677536e-12 -5.957550310e-02 2.646948996e-13 -8.314527824e-11 -9.322360423e-11
4.371916867e-11 1.141146123e-12 -5.709003457e-02 2.527121477e-13 -7.978035711e-11 -8.990792831e-11
4.175806607e-11 1.090183071e-12 -5.457315306e-02 2.407383913e-13 -7.635764933e-11 -8.646745469e-11
3.977870992e-11 1.038666955e-12 -5.202622994e-02 2.285566446e-13 -7.287958160e-11 -8.290704219e-11
3.778196614e-11 9.867113012e-13 -4.945065444e-02 2.162550093e-13 -6.934869715e-11 -7.923150722e-11
3.576892426e-11 9.341872724e-13 -4.684783293e-02 2.038555099e-13 -6.576755181e-11 -7.544607792e-11
3.374003718e-11 8.813553044e-13 -4.421918815e-02 1.912913783e-13 -6.213862426e-11 -7.155581428e-11
3.169654421e-11 8.280582773e-13 -4.156615839e-02 1.787342240e-13 -5.846460698e-11 -6.756631803e-11
2.963902192e-11 7.743889777e-13 -3.889019677e-02 1.660604831e-13 -5.474823680e-11 -6.348295167e-11
2.756873080e-11 7.203675358e-13 -3.619277039e-02 1.532926493e-13 -5.099202876e-11 -5.931150813e-11
2.548634635e-11 6.659209661e-13 -3.347535952e-02 1.403402264e-13 -4.719879462e-11 -5.505757761e-11
2.339279432e-11 6.112959934e-13 -3.073945680e-02 1.274248540e-13 -4.337122350e-11 -5.072723823e-11
2.128896699e-11 5.563167630e-13 -2.798656644e-02 1.143613384e-13 -3.951216247e-11 -4.632637324e-11
1.917579310e-11 5.010987913e-13 -2.521820332e-02 1.013167182e-13 -3.562442431e-11 -4.186112303e-11
1.705418171e-11 4.456820603e-13 -2.243589222e-02 8.820065722e-14 -3.171073080e-11 -3.733775546e-11
1.492517874e-11 3.900351245e-13 -1.964116691e-02 7.501441199e-14 -2.777404666e-11 -3.276253830e-11
1.278952836e-11 3.342703667e-13 -1.683556937e-02 6.187671416e-14 -2.381709387e-11 -2.814168663e-11
1.064838823e-11 2.782792950e-13 -1.402064883e-02 4.862334245e-14 -1.984283796e-11 -2.348181817e-11
8.502480118e-12 2.222475572e-13 -1.119796102e-02 3.542919948e-14 -1.585411033e-11 -1.878917168e-11
6.789068242e-12 1.775071480e-13 -8.943551190e-03 2.404767001e-14 -1.266714318e-11 -1.503432783e-11
5.420908190e-12 1.417993732e-13 -7.143009830e-03 1.389003319e-14 -1.012084295e-11 -1.202985103e-11
4.328481124e-12 1.132734788e-13 -5.704961289e-03 4.442287183e-15 -8.086383187e-12 -9.625804011e-12
3.456184481e-12 9.047799252e-14 -4.556426381e-03 -4.763327994e-15 -6.460886612e-12 -7.702212099e-12
2.759702161e-12 7.224447203e-14 -3.639118635e-03 -1.423939197e-14 -5.162135434e-12 -6.163038464e-12
2.203584340e-12 5.764588263e-14 -2.906486223e-03 -2.442702732e-14 -4.124463130e-12 -4.931490596e-12
1.759536378e-12 4.601730778e-14 -2.321349439e-03 -3.579478947e-14 -3.295384180e-12 -3.946005802e-12
1.404976148e-12 3.671357483e-14 -1.854013828e-03 -4.895795462e-14 -2.632969746e-12 -3.157480148e-12
1.121883375e-12 2.932223709e-14 -1.480763194e-03 -6.458867526e-14 -2.103729351e-12 -2.526471299e-12
8.958392782e-13 2.339059532e-14 -1.182656018e-03 -8.346138081e-14 -1.680873320e-12 -2.021564586e-12
7.153617939e-13 1.867883679e-14 -9.445641808e-04 -1.065698239e-13 -1.343008890e-12 -1.617527215e-12
5.712595664e-13 1.488595023e-14 -7.544052268e-04 -1.350428794e-13 -1.073061536e-12 -1.294233333e-12
4.562167404e-13 1.186301220e-14 -6.025291925e-04 -1.704264870e-13 -8.574018255e-13 -1.035478362e-12
3.643763995e-13 9.442139241e-15 -4.812288823e-04 -2.144169231e-13 -6.850857384e-13 -8.285145161e-13
2.909585135e-13 7.503797399e-15 -3.843487403e-04 -2.693710149e-13 -5.474075272e-13 -6.628785460e-13
2.323489607e-13 5.926096884e-15 -3.069724661e-04 -3.379674006e-13 -4.374104634e-13 -5.303654265e-13
1.855297783e-13 4.698195736e-15 -2.451735227e-04 -4.237661659e-13 -3.495544737e-13 -4.242949227e-13
1.481449014e-13 3.691163634e-15 -1.958158726e-04 -5.310207939e-13 -2.793599264e-13 -3.394482966e-13
1.182780329e-13 2.903976385e-15 -1.563948318e-04 -6.652265537e-13 -2.232666470e-13 -2.715248626e-13
9.447621145e-14 2.272777017e-15 -1.249099633e-04 -8.331412657e-13 -1.784527917e-13 -2.171945348e-13
7.541165789e-14 1.793636993e-15 -9.976356069e-05 -1.043380160e-12 -1.426336888e-13 -1.736699914e-13
6.020077295e-14 1.415160089e-15 -7.967956924e-05 -1.306426205e-12 -1.140143852e-13 -1.388783401e-13
4.808278921e-14 1.094146215e-15 -6.363883024e-05 -1.635862431e-12 -9.114482568e-14 -1.109657111e-13
3.842751344e-14 8.423584384e-16 -5.082736223e-05 -2.048236566e-12 -7.285953474e-14 -8.864173156e-14
3.069882918e-14 6.372198519e-16 -4.059505434e-05 -2.564520078e-12 -5.825001672e-14 -7.080372916e-14
2.452647123e-14 4.916643285e-16 -3.242267572e-05 -3.210872368e-12 -4.659535031e-14 -5.654478991e-14
1.964141476e-14 4.010063144e-16 -2.589552661e-05 -4.020183218e-12 -3.730402386e-14 -4.510533187e-14
1.573263642e-14 3.280589393e-16 -2.068239411e-05 -5.033314842e-12 -2.983801016e-14 -3.600779701e-14
1.256321509e-14 3.081187449e-16 -1.651874458e-05 -6.301882197e-12 -2.381457420e-14 -2.870960288e-14
1.007573051e-14 2.800104349e-16 -1.319329981e-05 -7.890100575e-12 -1.903376109e-14 -2.290736541e-14
8.061090102e-15 2.860446124e-16 -1.053731563e-05 -9.878670118e-12 -1.521419476e-14 -1.828694486e-14
6.422266045e-15 2.572294459e-16 -8.416019024e-06 -1.236832733e-11 -1.212920377e-14 -1.462969374e-14
5.118398894e-15 2.047899095e-16 -6.721769092e-06 -1.548557389e-11 -9.641355277e-15 -1.176321438e-14
4.088077042e-15 1.867115103e-16 -5.368594846e-06 -1.938836746e-11 -7.645987786e-15 -9.485074029e-15
3.222057458e-15 1.152849083e-16 -4.287832675e-06 -2.427485883e-11 -6.044526595e-15 -7.649940585e-15
2.490132589e-15 1.442358986e-16 -3.424642060e-06 -3.039270863e-11 -4.757387507e-15 -6.208457616e-15
1.912318978e-15 1.000399386e-16 -2.735222744e-06 -3.805254902e-11 -3.726224202e-15 -5.060619513e-15
1.505408952e-15 1.284011284e-16 -2.184592140e-06 -4.764276171e-11 -2.900023653e-15 -4.081791342e-15
1.136630734e-15 9.762636067e-17 -1.744810186e-06 -5.965009240e-11 -2.217611943e-15 -3.377434260e-15
8.559129173e-16 4.722293759e-17 -1.393561571e-06 -7.468350938e-11 -1.709308428e-15 -2.801308330e-15
6.025580978e-16 5.773384909e-18 -1.113023379e-06 -9.350589592e-11 -1.317999572e-15 -2.322696556e-15
4.504837550e-16 -3.244380793e-17 -8.889606999e-07 -1.170718702e-10 -1.037886667e-15 -2.002434728e-15
2.448576914e-16 -3.094348896e-17 -7.100043105e-07 -1.465771830e-10 -8.024307055e-16 -1.731194657e-15
1.576439648e-16 -3.680858918e-17 -5.670737664e-07 -1.835184831e-10 -6.439888682e-16 -1.501490578e-15
4.590964469e-17 -1.465390673e-17 -4.529166375e-07 -2.297700006e-10 -4.922044837e-16 -1.293385865e-15
-6.675567799e-17 1.333505815e-17 -3.617405023e-07 -2.876779079e-10 -3.780248762e-16 -1.083497011e-15
-1.585278422e-16 2.119739562e-17 -2.889190275e-07 -3.601800990e-10 -2.378792895e-16 -9.590379183e-16
-1.625002887e-16 4.945470730e-17 -2.307572179e-07 -4.509544272e-10 -1.582829926e-16 -8.720713767e-16
-2.171717217e-16 6.018174147e-17 -1.843039258e-07 -5.646060704e-10 -5.761208176e-17 -7.432647388e-16
-2.645862466e-16 9.901648450e-17 -1.472021043e-07 -7.069003529e-10 1.040058983e-17 -7.039505123e-16
-3.448148277e-16 9.311715315e-17 -1.175692073e-07 -8.850560653e-10 6.302877716e-17 -6.646518636e-16
-3.619785034e-16 8.903737279e-17 -9.390166658e-08 -1.108110770e-09 6.188780300e-17 -6.077373201e-16
-3.877596262e-16 8.086826911e-17 -7.499859847e-08 -1.387379993e-09 1.098605689e-16 -5.531556242e-16
-3.276536568e-16 4.823423416e-17 -5.990087016e-08 -1.737030797e-09 6.542011532e-17 -4.891500894e-16
-3.020751922e-16 6.645951827e-17 -4.784243214e-08 -2.174800748e-09 1.114337889e-16 -3.996007774e-16
-2.560473349e-16 5.524112467e-17 -3.821144865e-08 -2.722897313e-09 5.392665300e-17 -3.223215258e-16
-2.610856550e-16 6.181383101e-17 -3.051925223e-08 -3.409124998e-09 1.019717252e-16 -2.152646158e-16
-1.780939290e-16 7.903147545e-17 -2.437554903e-08 -4.268295117e-09 1.839024006e-17 -7.713225036e-17
-1.133936456e-16 9.936602625e-17 -1.946861492e-08 -5.343992274e-09 3.051017240e-17 -7.359946239e-18
-5.738830007e-17 1.225195338e-16 -1.554947867e-08 -6.690784787e-09 -6.169199326e-17 7.335561523e-17
-3.756043221e-17 1.232741987e-16 -1.241928918e-08 -8.376993355e-09 -7.103192156e-17 1.285819436e-16
9.289099121e-17 1.192719502e-16 -9.919225790e-09 -1.048815608e-08 -1.222818786e-16 1.380442155e-16
1.612363556e-16 9.091153014e-17 -7.922439643e-09 -1.313136834e-08 -7.237517137e-17 1.653559291e-16
2.378619947e-16 9.109477057e-17 -6.327617603e-09 -1.644071464e-08 -9.887104509e-17 2.314369218e-16
2.991518903e-16 7.776846730e-17 -5.053841727e-09 -2.058407105e-08 -5.673163490e-17 2.722921901e-16
3.537335601e-16 5.965601601e-17 -4.036483419e-09 -2.577162023e-08 -1.038745797e-16 3.412323288e-16
3.759995941e-16 7.830411198e-17 -3.223924224e-09 -3.226651397e-08 -1.100272305e-17 3.814931546e-16
4.621543859e-16 -1.852816720e-17 -2.574936978e-09 -4.039822140e-08 -1.135073711e-16 4.120976692e-16
5.137969420e-16 -2.324375055e-17 -2.056593695e-09 -5.057924222e-08 -6.557189836e-17 4.608567901e-16
5.531722860e-16 -7.658657731e-17 -1.642595078e-09 -6.332603071e-08 -1.755213857e-16 4.745922284e-16
5.732054890e-16 -6.510025737e-17 -1.311936016e-09 -7.928519408e-08 -1.291208700e-16 4.978744507e-16
6.086921035e-16 -1.079075071e-16 -1.047839880e-09 -9.926629165e-08 -2.713566057e-16 5.644195830e-16
6.391499006e-16 -1.389531051e-16 -8.369072152e-10 -1.242829009e-07 -2.621198136e-16 5.716152050e-16
6.579641605e-16 -1.624867582e-16 -6.684360059e-10 -1.556040317e-07 -3.507871468e-16 6.585243900e-16
7.033023552e-16 -1.980620739e-16 -5.338785483e-10 -1.948184978e-07 -2.974494146e-16 7.129991873e-16
7.262612468e-16 -2.119148207e-16 -4.264079126e-10 -2.439155102e-07 -3.802306005e-16 7.099163800e-16
6.975309680e-16 -2.286739675e-16 -3.405713542e-10 -3.053855807e-07 -3.318152258e-16 7.025123326e-16
6.819354072e-16 -2.322960967e-16 -2.720139116e-10 -3.823468540e-07 -3.924361052e-16 7.226597880e-16
6.965639533e-16 -2.099258056e-16 -2.172571933e-10 -4.787032765e-07 -2.797510082e-16 6.660010983e-16
5.908931055e-16 -1.752333056e-16 -1.735231120e-10 -5.993426236e-07 -3.449587652e-16 6.734418287e-16
4.896031380e-16 -9.204124927e-17 -1.385927486e-10 -7.503844334e-07 -2.093382023e-16 6.047241559e-16
4.513062531e-16 -6.884548330e-17 -1.106939123e-10 -9.394904185e-07 -2.817057350e-16 5.868862694e-16
4.389224910e-16 3.817992254e-18 -8.841114641e-11 -1.176253106e-06 -1.518980750e-16 5.486432790e-16
3.217705361e-16 1.470508788e-17 -7.061397261e-11 -1.472682413e-06 -2.219361003e-16 5.136917436e-16
2.253953607e-16 3.105869392e-17 -5.639940964e-11 -1.843814849e-06 -1.021532615e-16 4.132482488e-16
1.311572962e-16 -2.338181151e-18 -4.504629763e-11 -2.308476231e-06 -1.719284406e-16 4.245143198e-16
6.933312107e-17 -1.821612245e-17 -3.597854616e-11 -2.890236616e-06 -4.604353925e-17 2.897676731e-16
-4.731386076e-17 -3.421931110e-17 -2.873616352e-11 -3.618605869e-06 -1.223003585e-16 2.044177038e-16
-9.133881485e-17 -3.199173842e-17 -2.295164589e-11 -4.530530534e-06 -6.244008958e-17 1.472112881e-16
-1.271651557e-16 -2.800301964e-17 -1.833161087e-11 -5.672267910e-06 -1.423565995e-16 6.169979330e-17
-1.798113448e-16 1.889942980e-17 -1.464148635e-11 -7.101732408e-06 -2.948575904e-17 -4.362377524e-17
-2.508188816e-16 -2.184895353e-18 -1.169419321e-11 -8.891433195e-06 -9.387797667e-17 -7.936087992e-17
-2.741590594e-16 -1.144328267e-17 -9.340120899e-12 -1.113215214e-05 4.325132811e-17 -1.938748157e-16
-3.483091465e-16 -4.123295658e-17 -7.459972509e-12 -1.393754859e-05 4.000454741e-17 -2.496945857e-16
-4.107630643e-16 -2.275141006e-17 -5.958254191e-12 -1.744992460e-05 2.279893501e-16 -3.835746851e-16
-4.248417658e-16 -8.450296127e-17 -4.758903433e-12 -2.184744301e-05 1.655844228e-16 -4.909004892e-16
-4.443631759e-16 -2.855491309e-17 -3.800878957e-12 -2.735316444e-05 2.922701362e-16 -5.538779066e-16
-4.854240558e-16 -5.801450079e-17 -3.035848772e-12 -3.424636169e-05 2.442455105e-16 -6.555936712e-16
-4.926137638e-16 -1.099022036e-17 -2.424802441e-12 -4.287668536e-05 3.575333622e-16 -7.613181460e-16
-5.372130675e-16 8.796790663e-18 -1.936766392e-12 -5.368189924e-05 2.352095919e-16 -8.061454698e-16
-5.715225599e-16 3.108788551e-17 -1.546960197e-12 -6.721008502e-05 2.497355043e-16 -8.602411810e-16
-5.676330442e-16 3.858013100e-17 -1.235728224e-12 -8.414744266e-05 1.400933609e-16 -8.423713526e-16
-5.180008377e-16 7.228591607e-17 -9.871212374e-13 -1.053530964e-04 1.909809212e-16 -7.695788743e-16
-4.634563495e-16 6.028630478e-17 -7.886897140e-13 -1.319026719e-04 1.208605988e-16 -7.147932419e-16
-4.385857966e-16 4.552641912e-17 -6.302128646e-13 -1.651428552e-04 1.928368683e-16 -6.699885123e-16
-4.035219193e-16 9.129223664e-18 -5.037520422e-13 -2.067596997e-04 1.152650371e-16 -6.044310035e-16
-3.012017329e-16 2.570068273e-17 -4.028278988e-13 -2.588641473e-04 2.171556219e-16 -5.418519974e-16
-2.556322438e-16 -5.251395240e-17 -3.223989810e-13 -3.240991010e-04 1.319575277e-16 -4.496985825e-16
-2.349241208e-16 -5.532005558e-17 -2.582770330e-13 -4.057734785e-04 2.229853491e-16 -4.002770496e-16
-1.860330177e-16 -1.090583763e-16 -2.072929126e-13 -5.080300484e-04 1.561018118e-16 -3.617709199e-16
-8.528743651e-17 -7.947035037e-17 -1.667861188e-13 -6.360555611e-04 2.670680022e-16 -3.406353614e-16
-4.175207361e-17 -9.980906218e-17 -1.347506420e-13 -7.963438310e-04 2.537585817e-16 -2.967579947e-16
3.444111473e-17 -7.854690235e-17 -1.095205714e-13 -9.970251165e-04 4.010801997e-16 -3.210812483e-16
1.098034907e-16 -1.076018616e-16 -8.990198758e-14 -1.248278503e-03 4.111165075e-16 -2.324474635e-16
2.454267237e-16 -1.270642368e-16 -7.481167365e-14 -1.562848205e-03 5.326305543e-16 -1.705390190e-16
3.111778094e-16 -1.950551725e-16 -6.354016841e-14 -1.956689976e-03 5.668508192e-16 -8.138109062e-17
4.475849470e-16 -3.288946394e-16 -5.546519263e-14 -2.449780411e-03 6.843598204e-16 1.047486832e-17
6.297665083e-16 -4.640312252e-16 -5.028661739e-14 -3.067130194e-03 7.904359111e-16 8.044855066e-17
8.457778148e-16 -5.977089695e-16 -4.760203774e-14 -3.840052679e-03 9.829121699e-16 1.523751437e-16
1.078546928e-15 -7.695512459e-16 -4.735832490e-14 -4.807752148e-03 1.125358221e-15 2.496039833e-16
1.409274094e-15 -9.774997774e-16 -4.948330548e-14 -6.019312314e-03 1.361179449e-15 2.378234094e-16
1.738652774e-15 -1.203284746e-15 -5.408317358e-14 -7.536185904e-03 1.640836447e-15 2.532328451e-16
2.161346754e-15 -1.441885194e-15 -6.144294364e-14 -9.435311628e-03 2.120663467e-15 2.183031575e-16
2.639298843e-15 -1.791407576e-15 -7.188266089e-14 -1.181301660e-02 2.654336750e-15 1.516824984e-16
3.204603309e-15 -2.160504950e-15 -8.597267072e-14 -1.478990215e-02 3.381886413e-15 1.200242923e-16
3.755695860e-15 -2.570706190e-15 -1.000240280e-13 -1.775820111e-02 4.111176204e-15 2.940800784e-17
4.286006447e-15 -2.951929497e-15 -1.139665265e-13 -2.071618875e-02 4.968307001e-15 -1.762482490e-16
4.813626656e-15 -3.304941358e-15 -1.278863916e-13 -2.366214587e-02 5.621916405e-15 -3.280553627e-16
5.254907947e-15 -3.663908411e-15 -1.416510150e-13 -2.659435979e-02 6.372028652e-15 -5.722524421e-16
5.712271680e-15 -4.014158589e-15 -1.553952012e-13 -2.951112537e-02 7.017610308e-15 -7.997269276e-16
6.128345623e-15 -4.306682444e-15 -1.690024337e-13 -3.241074599e-02 7.670201104e-15 -9.848681098e-16
6.496370816e-15 -4.626954433e-15 -1.826087424e-13 -3.529153459e-02 8.198266155e-15 -1.262223893e-15
6.904918540e-15 -4.964806035e-15 -1.959753516e-13 -3.815181460e-02 8.812272177e-15 -1.469013607e-15
7.242747348e-15 -5.335818112e-15 -2.092015155e-13 -4.098992095e-02 9.316306847e-15 -1.550059500e-15
7.632280953e-15 -5.631513040e-15 -2.224146420e-13 -4.380420107e-02 9.763963692e-15 -1.830312550e-15
7.923425598e-15 -5.997208484e-15 -2.353734168e-13 -4.659301582e-02 1.029364141e-14 -1.912169568e-15
8.219181416e-15 -6.216922232e-15 -2.483401020e-13 -4.935474047e-02 1.067474807e-14 -2.129956216e-15
8.568788592e-15 -6.504698209e-15 -2.610016448e-13 -5.208776567e-02 1.095143864e-14 -2.300549553e-15
8.924186576e-15 -6.727700069e-15 -2.735406571e-13 -5.479049837e-02 1.132765740e-14 -2.561625069e-15
9.204272133e-15 -6.997762036e-15 -2.857299081e-13 -5.746136277e-02 1.167607237e-14 -2.671485276e-15
9.502684814e-15 -7.203695135e-15 -2.977459569e-13 -6.009880127e-02 1.200677986e-14 -2.954365703e-15
9.793216969e-15 -7.469072854e-15 -3.097840236e-13 -6.270127532e-02 1.219285255e-14 -3.185270231e-15
1.011355100e-14 -7.770224641e-15 -3.213100718e-13 -6.526726642e-02 1.255271806e-14 -3.517579350e-15
1.036510192e-14 -8.027440082e-15 -3.328595643e-13 -6.779527691e-02 1.264051976e-14 -3.753858631e-15
1.057673040e-14 -8.257870333e-15 -3.441488725e-13 -7.028383097e-02 1.292948513e-14 -4.071260919e-15
1.077217825e-14 -8.582154930e-15 -3.551527694e-13 -7.273147537e-02 1.310075686e-14 -4.405209184e-15
1.093581475e-14 -8.882073643e-15 -3.660988000e-13 -7.513678041e-02 1.305328124e-14 -4.836767399e-15
1.115036586e-14 -9.173825425e-15 -3.766942532e-13 -7.749834076e-02 1.321983114e-14 -5.090115194e-15
1.127392622e-14 -9.279248449e-15 -3.869162419e-13 -7.981477624e-02 1.326014033e-14 -5.638053033e-15
1.133132792e-14 -9.519996815e-15 -3.971518877e-13 -8.208473268e-02 1.325431367e-14 -6.155488696e-15
1.136985851e-14 -9.714164694e-15 -4.066791924e-13 -8.430688269e-02 1.350899347e-14 -6.680465102e-15
1.139518005e-14 -9.858643171e-15 -4.163223038e-13 -8.647992649e-02 1.343977206e-14 -7.267771516e-15
1.135484611e-14 -1.000065867e-14 -4.257358112e-13 -8.860259263e-02 1.353615756e-14 -7.851590649e-15
1.131164386e-14 -1.028416597e-14 -4.346611938e-13 -9.067363876e-02 1.359115531e-14 -8.490895443e-15
1.127871267e-14 -1.043745408e-14 -4.434931861e-13 -9.269185239e-02 1.385700231e-14 -9.183467853e-15
1.114003692e-14 -1.070462499e-14 -4.522003913e-13 -9.465605157e-02 1.363245653e-14 -9.790259348e-15
1.103734984e-14 -1.075663075e-14 -4.603469231e-13 -9.656508562e-02 1.368783853e-14 -1.052496867e-14
1.091565868e-14 -1.098541090e-14 -4.685315391e-13 -9.841783580e-02 1.374725818e-14 -1.106615358e-14
1.069677335e-14 -1.115717385e-14 -4.760551824e-13 -1.002132160e-01 1.377693521e-14 -1.168691687e-14
1.060302976e-14 -1.137318386e-14 -4.835822919e-13 -1.019501733e-01 1.356758900e-14 -1.231275261e-14
1.042509039e-14 -1.145408694e-14 -4.907020278e-13 -1.036276887e-01 1.330107676e-14 -1.283617451e-14
1.025804248e-14 -1.170814461e-14 -4.976978054e-13 -1.052447778e-01 1.323486543e-14 -1.331343414e-14
1.003308829e-14 -1.187771621e-14 -5.043568843e-13 -1.068004910e-01 1.300946455e-14 -1.374036966e-14
9.903416763e-15 -1.218030905e-14 -5.106164104e-13 -1.082939146e-01 1.282329779e-14 -1.407867125e-14
9.775511027e-15 -1.242157643e-14 -5.167745343e-13 -1.097241710e-01 1.273047212e-14 -1.447077430e-14
9.589693786e-15 -1.252401282e-14 -5.222697630e-13 -1.110904193e-01 1.266970397e-14 -1.476086611e-14
9.397324119e-15 -1.269844742e-14 -5.276563630e-13 -1.123918558e-01 1.239425161e-14 -1.516518964e-14
9.243731668e-15 -1.274620196e-14 -5.326708237e-13 -1.136277144e-01 1.221248351e-14 -1.550752671e-14
9.152182529e-15 -1.306395925e-14 -5.374710354e-13 -1.147972674e-01 1.199766162e-14 -1.585316133e-14
9.040983405e-15 -1.312654246e-14 -5.419471427e-13 -1.158998256e-01 1.173719290e-14 -1.611552703e-14
8.958271185e-15 -1.327358447e-14 -5.461624432e-13 -1.169347386e-01 1.150363172e-14 -1.645248852e-14
8.763509970e-15 -1.352314360e-14 -5.499245161e-13 -1.179013957e-01 1.123541069e-14 -1.657610726e-14
8.492330384e-15 -1.358661772e-14 -5.535129079e-13 -1.187992257e-01 1.103027098e-14 -1.671733178e-14
8.370157302e-15 -1.383046978e-14 -5.568143161e-13 -1.196276978e-01 1.077806545e-14 -1.707407062e-14
8.222034053e-15 -1.408668240e-14 -5.596783467e-13 -1.203863213e-01 1.058213376e-14 -1.699287718e-14
8.051657223e-15 -1.424218142e-14 -5.624006315e-13 -1.210746465e-01 1.022602004e-14 -1.712024972e-14
7.929277998e-15 -1.437771257e-14 -5.648119865e-13 -1.216922647e-01 9.999405642e-15 -1.705430188e-14
7.751327523e-15 -1.450438189e-14 -5.666400637e-13 -1.222388082e-01 9.743911922e-15 -1.701709548e-14
7.595660463e-15 -1.454065846e-14 -5.684256561e-13 -1.227139511e-01 9.377197267e-15 -1.703212237e-14
7.346702324e-15 -1.462745291e-14 -5.699219389e-13 -1.231174090e-01 9.298913012e-15 -1.699675480e-14
7.076504437e-15 -1.485600814e-14 -5.711228890e-13 -1.234489394e-01 8.984294342e-15 -1.697433465e-14
6.925569322e-15 -1.494376424e-14 -5.718272125e-13 -1.237083419e-01 8.887307488e-15 -1.690458127e-14
6.763125739e-15 -1.506327056e-14 -5.726383889e-13 -1.238954581e-01 8.516186394e-15 -1.676342837e-14
6.528973576e-15 -1.518625370e-14 -5.728802375e-13 -1.240101720e-01 8.333503681e-15 -1.655853807e-14
6.285972273e-15 -1.530079675e-14 -5.726806153e-13 -1.240524100e-01 8.090797088e-15 -1.642900903e-14
6.069586742e-15 -1.542508216e-14 -5.723278425e-13 -1.240221405e-01 7.781272639e-15 -1.617301676e-14
5.886486553e-15 -1.541619518e-14 -5.716317426e-13 -1.239193747e-01 7.433403868e-15 -1.582208488e-14
5.701910509e-15 -1.555774863e-14 -5.709390215e-13 -1.237441662e-01 6.962583629e-15 -1.554978468e-14
5.642175348e-15 -1.553539038e-14 -5.694313419e-13 -1.234966107e-01 6.681230815e-15 -1.533551509e-14
5.551331071e-15 -1.565758377e-14 -5.678125581e-13 -1.231768465e-01 6.366426752e-15 -1.511777197e-14
5.351940326e-15 -1.568423749e-14 -5.656782965e-13 -1.227850543e-01 5.941315636e-15 -1.491726195e-14
5.168524357e-15 -1.558906287e-14 -5.636405183e-13 -1.223214566e-01 5.843301285e-15 -1.474762761e-14
4.972830617e-15 -1.557643470e-14 -5.610585800e-13 -1.217863183e-01 5.307687770e-15 -1.458039334e-14
4.714642689e-15 -1.537877652e-14 -5.581511841e-13 -1.211799461e-01 5.067649015e-15 -1.452637507e-14
4.518241341e-15 -1.549554591e-14 -5.548944896e-13 -1.205026885e-01 4.988343510e-15 -1.426862643e-14
4.298783152e-15 -1.526260248e-14 -5.511535234e-13 -1.197549355e-01 4.905639674e-15 -1.411067346e-14
4.014226713e-15 -1.519577397e-14 -5.473407639e-13 -1.189371185e-01 4.314304475e-15 -1.406450563e-14
3.685557885e-15 -1.498567881e-14 -5.431983107e-13 -1.180497100e-01 4.001643931e-15 -1.397482092e-14
3.421523982e-15 -1.474912752e-14 -5.385276312e-13 -1.170932232e-01 4.291720184e-15 -1.395221676e-14
3.082089834e-15 -1.447469735e-14 -5.337299402e-13 -1.160682121e-01 3.585671538e-15 -1.377770093e-14
2.681558445e-15 -1.435357903e-14 -5.288164215e-13 -1.149752708e-01 3.282368092e-15 -1.365508572e-14
2.324840186e-15 -1.407657838e-14 -5.233808441e-13 -1.138150331e-01 3.139263798e-15 -1.357869946e-14
1.982035087e-15 -1.370570596e-14 -5.177791745e-13 -1.125881726e-01 2.606999778e-15 -1.328922406e-14
1.644814548e-15 -1.346267452e-14 -5.115801978e-13 -1.112954019e-01 2.453574906e-15 -1.322200309e-14
1.318619682e-15 -1.316769864e-14 -5.053623233e-13 -1.099374725e-01 2.212832840e-15 -1.308677526e-14
9.364538784e-16 -1.276580309e-14 -4.985849950e-13 -1.085151739e-01 2.103350913e-15 -1.282636554e-14
6.085906913e-16 -1.243263640e-14 -4.918306527e-13 -1.070293338e-01 1.876076279e-15 -1.289297380e-14
2.045036409e-16 -1.197181913e-14 -4.845457252e-13 -1.054808170e-01 1.713398015e-15 -1.269597530e-14
-8.386788481e-17 -1.140931117e-14 -4.771044294e-13 -1.038705252e-01 1.508989561e-15 -1.256364908e-14
-3.958630544e-16 -1.108305022e-14 -4.692527462e-13 -1.021993967e-01 1.432117479e-15 -1.251107599e-14
-7.138939247e-16 -1.064523572e-14 -4.612524814e-13 -1.004684052e-01 1.352117334e-15 -1.231729762e-14
-1.009826071e-15 -1.023887961e-14 -4.529172186e-13 -9.867856006e-02 1.219938795e-15 -1.232264010e-14
-1.347816320e-15 -9.819231879e-15 -4.444244360e-13 -9.683090504e-02 9.850515422e-16 -1.217848395e-14
-1.643398697e-15 -9.458410336e-15 -4.356140698e-13 -9.492651804e-02 1.012822126e-15 -1.199053699e-14
-1.866714564e-15 -9.140621110e-15 -4.264269261e-13 -9.296651039e-02 9.496450974e-16 -1.188499826e-14
-2.202680163e-15 -8.701684868e-15 -4.171926888e-13 -9.095202620e-02 6.201299583e-16 -1.183860808e-14
-2.467215470e-15 -8.427646807e-15 -4.074937247e-13 -8.888424171e-02 3.434603469e-16 -1.180536642e-14
-2.619266540e-15 -8.080662931e-15 -3.976289120e-13 -8.676436460e-02 2.028501048e-16 -1.160394828e-14
-2.916298446e-15 -7.680090817e-15 -3.876689713e-13 -8.459363329e-02 1.415582150e-16 -1.155109295e-14
-3.093058610e-15 -7.248416575e-15 -3.772133726e-13 -8.237331622e-02 -1.572932319e-16 -1.131116688e-14
-3.318101057e-15 -6.928198918e-15 -3.667593877e-13 -8.010471111e-02 -1.609423090e-16 -1.117427259e-14
-3.455406347e-15 -6.683361585e-15 -3.558778726e-13 -7.778914419e-02 -1.755595161e-16 -1.113860451e-14
-3.655304734e-15 -6.280152495e-15 -3.450759632e-13 -7.542796948e-02 -1.531044520e-16 -1.113611280e-14
-3.841663038e-15 -5.982972844e-15 -3.338148575e-13 -7.302256792e-02 -2.096747539e-16 -1.107154230e-14
-3.794745617e-15 -5.837319742e-15 -3.226103492e-13 -7.057434664e-02 -3.176329064e-16 -1.086410680e-14
-4.036556940e-15 -5.430916361e-15 -3.111574663e-13 -6.808473811e-02 -3.391637930e-16 -1.073600144e-14
-4.071006110e-15 -5.214506880e-15 -2.993270263e-13 -6.555519927e-02 -3.998475920e-16 -1.065496941e-14
-4.059056539e-15 -4.927224408e-15 -2.875121265e-13 -6.298721075e-02 -3.943787918e-16 -1.039158719e-14
-4.142745723e-15 -4.603998267e-15 -2.754814242e-13 -6.038227595e-02 -5.546895372e-16 -1.008865407e-14
-4.111874045e-15 -4.349138392e-15 -2.633527537e-13 -5.774192018e-02 -4.574500198e-16 -9.709088822e-15
-4.097835094e-15 -4.241659719e-15 -2.511049490e-13 -5.506768978e-02 -5.878967127e-16 -9.390279061e-15
-4.029445118e-15 -3.988104462e-15 -2.388658028e-13 -5.236115118e-02 -6.170442873e-16 -9.084347324e-15
-3.961767588e-15 -3.804185001e-15 -2.262713436e-13 -4.962389004e-02 -5.385623490e-16 -8.718988552e-15
-3.917920978e-15 -3.551722600e-15 -2.135940345e-13 -4.685751027e-02 -5.775629665e-16 -8.330083557e-15
-3.766387447e-15 -3.417973089e-15 -2.008025335e-13 -4.406363311e-02 -5.050853109e-16 -8.012612890e-15
-3.654734104e-15 -3.064031503e-15 -1.879204093e-13 -4.124389619e-02 -4.947109506e-16 -7.539048939e-15
-3.472904440e-15 -2.795855351e-15 -1.749236476e-13 -3.839995258e-02 -4.591394571e-16 -7.193463471e-15
-3.252320829e-15 -2.638909907e-15 -1.616681535e-13 -3.553346978e-02 -3.647328832e-16 -6.611438450e-15
-2.946081689e-15 -2.426221037e-15 -1.486045625e-13 -3.264612879e-02 -3.816460682e-16 -6.058186240e-15
-2.783557357e-15 -2.166243996e-15 -1.353551078e-13 -2.973962308e-02 -3.539057338e-16 -5.524676821e-15
-2.530890462e-15 -1.989081399e-15 -1.220653052e-13 -2.681565765e-02 -3.456435467e-16 -5.042658362e-15
-2.255709725e-15 -1.829265905e-15 -1.086995077e-13 -2.387594798e-02 -3.955169263e-16 -4.525435716e-15
-1.933999835e-15 -1.702631092e-15 -9.527708483e-14 -2.092221906e-02 -3.833738656e-16 -3.902130281e-15
-1.627970220e-15 -1.548240702e-15 -8.171588406e-14 -1.795620434e-02 -4.007211034e-16 -3.381551629e-15
-1.317901951e-15 -1.314053033e-15 -6.821366388e-14 -1.497964477e-02 -3.998537449e-16 -2.818944448e-15
-1.045143789e-15 -1.060783406e-15 -5.458524258e-14 -1.199428770e-02 -3.703634495e-16 -2.189409459e-15
-8.014964560e-16 -7.938528307e-16 -4.098457684e-14 -9.001885945e-03 -3.434752390e-16 -1.604758247e-15
-5.222263052e-16 -5.286569793e-16 -2.736873228e-14 -6.004196667e-03 -2.168404286e-16 -1.034729834e-15
-2.295831982e-16 -2.662800536e-16 -1.368685981e-14 -3.002980401e-03 -1.290200557e-16 -4.999410124e-16
