1.457171677e+00
1.453409182e+00
1.450426293e+00
1.447884085e+00
1.445642375e+00
1.443626162e+00
1.441789503e+00
1.440101752e+00
1.438541223e+00
1.437091887e+00
1.435741490e+00
1.434480409e+00
1.433300916e+00
1.432196690e+00
1.431162473e+00
1.430193831e+00
1.429286979e+00
1.428438645e+00
1.427645973e+00
1.426906449e+00
1.426217836e+00
1.425578131e+00
1.424985525e+00
1.424438376e+00
1.423935182e+00
1.423474564e+00
1.423055247e+00
1.422676051e+00
1.422335876e+00
1.422033698e+00
1.421768560e+00
1.421539567e+00
1.421345879e+00
1.421186713e+00
1.421061336e+00
1.420969065e+00
1.420909264e+00
1.420881345e+00
1.420884768e+00
1.420919039e+00
1.420983711e+00
1.421078383e+00
1.421202704e+00
1.421356371e+00
1.421539130e+00
1.421750780e+00
1.421991167e+00
1.422260194e+00
1.422557815e+00
1.422884039e+00
1.423238931e+00
1.423622612e+00
1.424035261e+00
1.424477112e+00
1.424948461e+00
1.425449662e+00
1.425981126e+00
1.426543328e+00
1.427136799e+00
1.427762131e+00
1.428419974e+00
1.429111040e+00
1.429836094e+00
1.430595964e+00
1.431391531e+00
1.432223732e+00
1.433093557e+00
1.434002050e+00
1.434950303e+00
1.435939459e+00
1.436970705e+00
1.438045273e+00
1.439164435e+00
1.440329503e+00
1.441541824e+00
1.442802775e+00
1.444113765e+00
1.445476228e+00
1.446891618e+00
1.448361408e+00
1.449887086e+00
1.451470149e+00
1.453112101e+00
1.454814445e+00
1.456578683e+00
1.458406311e+00
1.460298810e+00
1.462257647e+00
1.464284267e+00
1.466380088e+00
1.468546500e+00
1.470784857e+00
1.473096471e+00
1.475482613e+00
1.477944503e+00
1.480483307e+00
1.483100136e+00
1.485796037e+00
1.488571990e+00
1.491428908e+00
1.494367627e+00
1.497388907e+00
1.500493429e+00
1.503681787e+00
1.506954492e+00
1.510311964e+00
1.513754532e+00
1.517282432e+00
1.520895808e+00
1.524594707e+00
1.528379082e+00
1.532248788e+00
1.536203590e+00
1.540243154e+00
1.544367060e+00
1.548574795e+00
1.552865764e+00
1.557239290e+00
1.561694621e+00
1.566230936e+00
1.570847353e+00
1.575542939e+00
1.580316722e+00
1.585167699e+00
1.590094860e+00
2.159509720e+01
2.160001385e+01
2.160484941e+01
2.160960819e+01
2.161429428e+01
2.161891150e+01
2.162346349e+01
2.162795363e+01
2.163238515e+01
2.163676104e+01
2.164108414e+01
2.164535711e+01
2.164958247e+01
2.165376256e+01
2.165789962e+01
2.166199573e+01
2.166605288e+01
2.167007294e+01
2.167405768e+01
2.167800881e+01
2.168192793e+01
2.168581660e+01
2.168967632e+01
2.169350853e+01
2.169731464e+01
2.170109603e+01
2.170485405e+01
2.170859003e+01
2.171230529e+01
2.171600113e+01
2.171967887e+01
2.172333979e+01
2.172698518e+01
2.173061635e+01
2.173423457e+01
2.173784114e+01
2.174143732e+01
2.174502440e+01
2.174860363e+01
2.175217627e+01
2.175574355e+01
2.175930669e+01
2.176286689e+01
2.176642533e+01
2.176998316e+01
2.177354151e+01
2.177710150e+01
2.178066419e+01
2.178423063e+01
2.178780186e+01
2.179137886e+01
2.179496260e+01
2.179855403e+01
2.180215406e+01
2.180576360e+01
2.180938352e+01
2.181301467e+01
2.181665792e+01
2.182031408e+01
2.182398399e+01
2.182766847e+01
2.183136834e+01
2.183508443e+01
2.183881758e+01
2.184256864e+01
2.184633848e+01
2.185012801e+01
2.185393816e+01
2.185776991e+01
2.186162429e+01
2.186550238e+01
2.186940534e+01
2.187333440e+01
2.187729088e+01
2.188127619e+01
2.188529186e+01
2.188933954e+01
2.189342102e+01
2.189753826e+01
2.190169335e+01
2.190588860e+01
2.191012651e+01
2.191440980e+01
2.191874144e+01
2.192312465e+01
2.192756297e+01
2.193206019e+01
2.193662049e+01
2.194124836e+01
2.194594870e+01
2.195072679e+01
2.195558834e+01
2.196053954e+01
2.196558701e+01
2.197073790e+01
2.197599984e+01
2.198138103e+01
2.198689018e+01
2.199253654e+01
2.199832994e+01
2.200428073e+01
2.201039980e+01
2.201669853e+01
2.202318879e+01
2.202988283e+01
2.203679328e+01
2.204393301e+01
2.205131508e+01
2.205895254e+01
2.206685834e+01
2.207504508e+01
2.208352484e+01
2.209230891e+01
2.210140746e+01
2.211082922e+01
2.212058103e+01
2.213066745e+01
2.214109009e+01
2.215184707e+01
2.216293219e+01
2.217433401e+01
2.218603474e+01
2.219800881e+01
2.221022100e+01
2.222262413e+01
2.235155790e+00
2.248341283e+00
2.262049827e+00
2.276155738e+00
2.290541451e+00
2.305100322e+00
2.319738886e+00
2.334378668e+00
2.348957340e+00
2.363429353e+00
2.377765929e+00
2.391954527e+00
2.405997785e+00
2.419912073e+00
2.433725638e+00
2.447476590e+00
2.461210673e+00
2.474978996e+00
2.488835851e+00
2.502836565e+00
2.517035637e+00
2.531485036e+00
2.546232871e+00
2.561322275e+00
2.576790699e+00
2.592669437e+00
2.608983525e+00
2.625751786e+00
2.642987245e+00
2.660697621e+00
2.678886016e+00
2.697551598e+00
2.716690483e+00
2.736296487e+00
2.756361941e+00
2.776878386e+00
2.797837184e+00
2.819230130e+00
2.841049791e+00
2.863289906e+00
2.885945524e+00
2.909013216e+00
2.932490934e+00
2.956378121e+00
2.980675490e+00
3.005384830e+00
3.030508858e+00
3.056050951e+00
3.082014910e+00
3.108404734e+00
3.135224335e+00
3.162477376e+00
3.190167049e+00
3.218295925e+00
3.246865787e+00
3.275877483e+00
3.305330904e+00
3.335224764e+00
3.365556685e+00
3.396323041e+00
3.427518964e+00
3.459138280e+00
3.491173518e+00
3.523615848e+00
3.556455086e+00
3.589679617e+00
3.623276383e+00
3.657230883e+00
3.691527124e+00
3.726147469e+00
3.761072836e+00
3.796282371e+00
3.831753570e+00
3.867462246e+00
3.903382334e+00
3.939486041e+00
3.975743618e+00
4.012123496e+00
4.048592156e+00
4.085114064e+00
4.121651859e+00
4.158166113e+00
4.194615549e+00
4.230956826e+00
4.267144836e+00
4.303132553e+00
4.338871277e+00
4.374310466e+00
4.409398047e+00
4.444080521e+00
4.478302813e+00
4.512008798e+00
4.545141201e+00
4.577641849e+00
4.609451778e+00
4.640511615e+00
4.670761640e+00
4.700142028e+00
4.728593122e+00
4.756055721e+00
4.782471286e+00
4.807782152e+00
4.831931975e+00
4.854865822e+00
4.876530565e+00
4.896875110e+00
4.915850674e+00
4.933411072e+00
4.949512969e+00
4.964116080e+00
4.977183482e+00
4.988681805e+00
4.998581375e+00
5.006856546e+00
5.013485606e+00
5.018451162e+00
5.021740157e+00
5.023343848e+00
5.023258078e+00
5.021483093e+00
5.018023738e+00
5.012889112e+00
5.006092911e+00
4.997653070e+00
4.987591714e+00
4.975935078e+00
4.962713226e+00
4.947960034e+00
4.931712857e+00
4.914012295e+00
4.894902040e+00
4.874428701e+00
4.852641295e+00
4.829591106e+00
4.805331518e+00
4.779917701e+00
4.753406152e+00
4.725854578e+00
4.697321658e+00
4.667866601e+00
4.637549102e+00
4.606428997e+00
4.574565926e+00
4.542019258e+00
4.508847823e+00
4.475109708e+00
4.440862007e+00
4.406160827e+00
4.371060989e+00
4.335615845e+00
4.299877366e+00
4.263895849e+00
4.227719809e+00
4.191396082e+00
4.154969658e+00
4.118483592e+00
4.081978911e+00
4.045494933e+00
4.009068672e+00
3.972735495e+00
3.936528574e+00
3.900479254e+00
3.864616885e+00
3.828968938e+00
3.793561061e+00
3.758417063e+00
3.723558955e+00
3.689007053e+00
3.654780088e+00
3.620895075e+00
3.587367477e+00
3.554211396e+00
3.521439292e+00
3.489062543e+00
3.457091007e+00
3.425533298e+00
3.394396981e+00
3.363688442e+00
3.333412933e+00
3.303574760e+00
3.274177458e+00
3.245223429e+00
3.216714418e+00
3.188651555e+00
3.161035217e+00
3.133865207e+00
3.107140979e+00
3.080861392e+00
3.055025107e+00
3.029630483e+00
3.004675441e+00
2.980157892e+00
2.956075421e+00
2.932425172e+00
2.909203991e+00
2.886408223e+00
2.864033349e+00
2.842074175e+00
2.820524264e+00
2.799376018e+00
2.778620358e+00
2.758246842e+00
2.738243613e+00
2.718597743e+00
2.699295583e+00
2.680323677e+00
2.661669492e+00
2.643322691e+00
2.625276744e+00
2.607530208e+00
2.590088216e+00
2.572963956e+00
2.556179443e+00
2.539765465e+00
2.523761199e+00
2.508211822e+00
2.493165309e+00
2.478667529e+00
2.464755848e+00
2.451451603e+00
2.438751575e+00
2.426619628e+00
2.414978767e+00
2.403705319e+00
2.392625868e+00
2.381518680e+00
2.370120558e+00
2.358139722e+00
2.345275666e+00
2.331245626e+00
2.315816362e+00
2.298840888e+00
2.280295830e+00
2.260317695e+00
2.239233595e+00
2.217582506e+00
2.196122696e+00
2.175822454e+00
2.157831161e+00
2.143429687e+00
2.133961115e+00
2.130744503e+00
2.134976527e+00
2.147628325e+00
2.169345564e+00
2.200361725e+00
2.240433914e+00
2.288810600e+00
2.344238914e+00
2.405017291e+00
2.024667490e+02
2.025132585e+02
2.025491190e+02
2.025762865e+02
2.025963434e+02
2.026105884e+02
2.026200938e+02
2.026257448e+02
2.026282707e+02
2.026282697e+02
2.026262307e+02
2.026225517e+02
2.026175561e+02
2.026115057e+02
2.026046121e+02
2.025970467e+02
2.025889481e+02
2.025804282e+02
2.025715781e+02
2.025624718e+02
2.025531695e+02
2.025437207e+02
2.025341657e+02
2.025245380e+02
2.025148652e+02
2.025051701e+02
2.024954719e+02
2.024857863e+02
2.024761267e+02
2.024665042e+02
2.024569280e+02
2.024474061e+02
2.024379448e+02
2.024285496e+02
2.024192249e+02
2.024099745e+02
2.024008013e+02
2.023917077e+02
2.023826958e+02
2.023737669e+02
2.023649221e+02
2.023561622e+02
2.023474876e+02
2.023388986e+02
2.023303953e+02
2.023219774e+02
2.023136446e+02
2.023053964e+02
2.022972324e+02
2.022891517e+02
2.022811536e+02
2.022732374e+02
2.022654020e+02
2.022576467e+02
2.022499703e+02
2.022423719e+02
2.022348504e+02
2.022274048e+02
2.022200340e+02
2.022127370e+02
2.022055127e+02
2.021983600e+02
2.021912778e+02
2.021842650e+02
2.021773207e+02
2.021704437e+02
2.021636330e+02
2.021568876e+02
2.021502065e+02
2.021435886e+02
2.021370331e+02
2.021305388e+02
2.021241050e+02
2.021177306e+02
2.021114148e+02
2.021051567e+02
2.020989553e+02
2.020928098e+02
2.020867194e+02
2.020806833e+02
2.020747006e+02
2.020687706e+02
2.020628925e+02
2.020570655e+02
2.020512889e+02
2.020455620e+02
2.020398841e+02
2.020342545e+02
2.020286725e+02
2.020231375e+02
2.020176488e+02
2.020122058e+02
2.020068078e+02
2.020014544e+02
2.019961448e+02
2.019908785e+02
2.019856550e+02
2.019804737e+02
2.019753341e+02
2.019702356e+02
2.019651777e+02
2.019601600e+02
2.019551819e+02
2.019502430e+02
2.019453427e+02
2.019404807e+02
2.019356564e+02
2.019308695e+02
2.019261195e+02
2.019214060e+02
2.019167286e+02
2.019120868e+02
2.019074802e+02
2.019029086e+02
2.018983715e+02
2.018938685e+02
2.018893992e+02
2.018849634e+02
2.018805605e+02
2.018761905e+02
2.018718527e+02
2.018675470e+02
2.018632730e+02
2.018590304e+02
2.018548189e+02
1.850638183e+00
1.846487923e+00
1.842367853e+00
1.838277683e+00
1.834217128e+00
1.830185908e+00
1.826183750e+00
1.822210382e+00
1.818265542e+00
1.814348967e+00
1.810460404e+00
1.806599600e+00
1.802766309e+00
1.798960289e+00
1.795181300e+00
1.791429109e+00
1.787703484e+00
1.784004199e+00
1.780331030e+00
1.776683759e+00
1.773062169e+00
1.769466048e+00
1.765895187e+00
1.762349379e+00
1.758828422e+00
1.755332117e+00
1.751860266e+00
1.748412678e+00
1.744989160e+00
1.741589525e+00
1.738213588e+00
1.734861167e+00
1.731532082e+00
1.728226155e+00
1.724943214e+00
1.721683084e+00
1.718445597e+00
1.715230585e+00
1.712037883e+00
1.708867328e+00
1.705718760e+00
1.702592021e+00
1.699486952e+00
1.696403402e+00
1.693341216e+00
1.690300244e+00
1.687280339e+00
1.684281353e+00
1.681303142e+00
1.678345563e+00
1.675408474e+00
1.672491735e+00
1.669595210e+00
1.666718761e+00
1.663862254e+00
1.661025556e+00
1.658208535e+00
1.655411062e+00
1.652633007e+00
1.649874243e+00
1.647134645e+00
1.644414088e+00
1.641712449e+00
1.639029606e+00
1.636365440e+00
1.633719829e+00
1.631092657e+00
1.628483807e+00
1.625893163e+00
1.623320611e+00
1.620766037e+00
1.618229328e+00
1.615710375e+00
1.613209066e+00
1.610725292e+00
1.608258946e+00
1.605809920e+00
1.603378108e+00
1.600963406e+00
1.598565708e+00
1.596184911e+00
1.593820914e+00
1.591473613e+00
1.589142909e+00
1.586828702e+00
1.584530893e+00
1.582249382e+00
1.579984074e+00
1.577734870e+00
1.575501676e+00
1.573284395e+00
1.571082933e+00
1.568897197e+00
1.566727093e+00
1.564572529e+00
1.562433412e+00
1.560309653e+00
1.558201159e+00
1.556107842e+00
1.554029612e+00
1.551966381e+00
1.549918059e+00
1.547884560e+00
1.545865797e+00
1.543861683e+00
1.541872132e+00
1.539897059e+00
1.537936379e+00
1.535990007e+00
1.534057861e+00
1.532139856e+00
1.530235909e+00
1.528345938e+00
1.526469862e+00
1.524607598e+00
1.522759066e+00
1.520924184e+00
1.519102873e+00
1.517295053e+00
1.515500645e+00
1.513719569e+00
1.511951747e+00
1.510197101e+00
1.508455553e+00
1.506727027e+00
4.015050114e+02
4.015033087e+02
4.015016188e+02
4.014999415e+02
4.014982769e+02
4.014966249e+02
4.014949853e+02
4.014933582e+02
4.014917433e+02
4.014901408e+02
4.014885504e+02
4.014869721e+02
4.014854059e+02
4.014838516e+02
4.014823092e+02
4.014807787e+02
4.014792599e+02
4.014777527e+02
4.014762572e+02
4.014747732e+02
4.014733007e+02
4.014718395e+02
4.014703897e+02
4.014689511e+02
4.014675237e+02
4.014661074e+02
4.014647022e+02
4.014633079e+02
4.014619245e+02
4.014605519e+02
4.014591901e+02
4.014578390e+02
4.014564985e+02
4.014551686e+02
4.014538492e+02
4.014525401e+02
4.014512414e+02
4.014499530e+02
4.014486749e+02
4.014474068e+02
4.014461489e+02
4.014449009e+02
4.014436629e+02
4.014424348e+02
4.014412165e+02
4.014400079e+02
4.014388090e+02
4.014376197e+02
4.014364400e+02
4.014352697e+02
4.014341089e+02
4.014329574e+02
4.014318152e+02
4.014306822e+02
4.014295584e+02
4.014284437e+02
4.014273380e+02
4.014262412e+02
4.014251534e+02
4.014240744e+02
4.014230041e+02
4.014219426e+02
4.014208897e+02
4.014198454e+02
4.014188095e+02
4.014177822e+02
4.014167632e+02
4.014157526e+02
4.014147502e+02
4.014137560e+02
4.014127700e+02
4.014117920e+02
4.014108220e+02
4.014098600e+02
4.014089059e+02
4.014079596e+02
4.014070211e+02
4.014060902e+02
4.014051671e+02
4.014042515e+02
4.014033434e+02
4.014024428e+02
4.014015495e+02
4.014006637e+02
4.013997851e+02
4.013989137e+02
4.013980494e+02
4.013971923e+02
4.013963422e+02
4.013954991e+02
4.013946629e+02
4.013938336e+02
4.013930111e+02
4.013921953e+02
4.013913862e+02
4.013905837e+02
4.013897878e+02
4.013889984e+02
4.013882154e+02
4.013874389e+02
4.013866687e+02
4.013859047e+02
4.013851470e+02
4.013843954e+02
4.013836500e+02
4.013829106e+02
4.013821772e+02
4.013814497e+02
4.013807281e+02
4.013800124e+02
4.013793024e+02
4.013785981e+02
4.013778995e+02
4.013772065e+02
4.013765190e+02
4.013758370e+02
4.013751605e+02
4.013744893e+02
4.013738235e+02
4.013731630e+02
4.013725077e+02
4.013718575e+02
4.013712125e+02
4.013705725e+02
4.013699376e+02
1.369307564e+00
1.368682473e+00
1.368062236e+00
1.367446801e+00
1.366836117e+00
1.366230133e+00
1.365628797e+00
1.365032059e+00
1.364439867e+00
1.363852173e+00
1.363268924e+00
1.362690073e+00
1.362115568e+00
1.361545362e+00
1.360979404e+00
1.360417646e+00
1.359860040e+00
1.359306537e+00
1.358757090e+00
1.358211650e+00
1.357670171e+00
1.357132604e+00
1.356598904e+00
1.356069024e+00
1.355542918e+00
1.355020539e+00
1.354501843e+00
1.353986783e+00
1.353475315e+00
1.352967394e+00
1.352462975e+00
1.351962015e+00
1.351464470e+00
1.350970296e+00
1.350479449e+00
1.349991888e+00
1.349507570e+00
1.349026452e+00
1.348548493e+00
1.348073651e+00
1.347601885e+00
1.347133154e+00
1.346667418e+00
1.346204636e+00
1.345744769e+00
1.345287777e+00
1.344833622e+00
1.344382263e+00
1.343933664e+00
1.343487785e+00
1.343044590e+00
1.342604040e+00
1.342166100e+00
1.341730732e+00
1.341297900e+00
1.340867569e+00
1.340439702e+00
1.340014265e+00
1.339591224e+00
1.339170543e+00
1.338752189e+00
1.338336129e+00
1.337922329e+00
1.337510756e+00
1.337101379e+00
1.336694165e+00
1.336289082e+00
1.335886100e+00
1.335485187e+00
1.335086314e+00
1.334689451e+00
1.334294567e+00
1.333901635e+00
1.333510624e+00
1.333121507e+00
1.332734256e+00
1.332348844e+00
1.331965243e+00
1.331583428e+00
1.331203371e+00
1.330825047e+00
1.330448431e+00
1.330073497e+00
1.329700222e+00
1.329328582e+00
1.328958552e+00
1.328590110e+00
1.328223232e+00
1.327857898e+00
1.327494084e+00
1.327131770e+00
1.326770935e+00
1.326411557e+00
1.326053618e+00
1.325697097e+00
1.325341975e+00
1.324988235e+00
1.324635856e+00
1.324284822e+00
1.323935115e+00
1.323586719e+00
1.323239617e+00
1.322893793e+00
1.322549231e+00
1.322205917e+00
1.321863836e+00
1.321522973e+00
1.321183316e+00
1.320844850e+00
1.320507564e+00
1.320171444e+00
1.319836480e+00
1.319502659e+00
1.319169971e+00
1.318838405e+00
1.318507952e+00
1.318178602e+00
1.317850345e+00
1.317523174e+00
1.317197080e+00
1.316872056e+00
1.316548094e+00
1.316225187e+00
1.315903330e+00
1.315582517e+00
