1.108253645e+00
1.103478813e+00
1.099477181e+00
1.095909756e+00
1.092636288e+00
1.089581710e+00
1.086700016e+00
1.083960495e+00
1.081341402e+00
1.078826649e+00
1.076403923e+00
1.074063546e+00
1.071797736e+00
1.069600118e+00
1.067465384e+00
1.065389051e+00
1.063367283e+00
1.061396762e+00
1.059474588e+00
1.057598198e+00
1.055765313e+00
1.053973886e+00
1.052222066e+00
1.050508167e+00
1.048830648e+00
1.047188085e+00
1.045579165e+00
1.044002664e+00
1.042457444e+00
1.040942439e+00
1.039456650e+00
1.037999140e+00
1.036569029e+00
1.035165490e+00
1.033787748e+00
1.032435074e+00
1.031106790e+00
1.029802262e+00
1.028520903e+00
1.027262170e+00
1.026025568e+00
1.024810646e+00
1.023617001e+00
1.022444276e+00
1.021292162e+00
1.020160401e+00
1.019048782e+00
1.017957144e+00
1.016885381e+00
1.015833436e+00
1.014801306e+00
1.013789043e+00
1.012796752e+00
1.011824596e+00
1.010872791e+00
1.009941611e+00
1.009031385e+00
1.008142501e+00
1.007275401e+00
1.006430585e+00
1.005608609e+00
1.004810085e+00
1.004035677e+00
1.003286108e+00
1.002562148e+00
1.001864624e+00
1.001194410e+00
1.000552429e+00
9.999396513e-01
9.993570907e-01
9.988058039e-01
9.982868875e-01
9.978014749e-01
9.973507341e-01
9.969358642e-01
9.965580925e-01
9.962186709e-01
9.959188726e-01
9.956599882e-01
9.954433221e-01
9.952701882e-01
9.951419060e-01
9.950597963e-01
9.950251769e-01
9.950393581e-01
9.951036383e-01
9.952192992e-01
9.953876015e-01
9.956097798e-01
9.958870383e-01
9.962205457e-01
9.966114308e-01
9.970607777e-01
9.975696211e-01
9.981389419e-01
9.987696623e-01
9.994626420e-01
1.000218673e+00
1.001038478e+00
1.001922701e+00
1.002871909e+00
1.003886588e+00
1.004967135e+00
1.006113860e+00
1.007326980e+00
1.008606617e+00
1.009952798e+00
1.011365451e+00
1.012844403e+00
1.014389382e+00
1.016000014e+00
1.017675824e+00
1.019416234e+00
1.021220571e+00
1.023088060e+00
1.025017834e+00
1.027008932e+00
1.029060309e+00
1.031170836e+00
1.033339308e+00
1.035564457e+00
1.037844951e+00
1.040179415e+00
1.042566440e+00
1.045004597e+00
1.047492458e+00
1.049868736e+00
1.052137581e+00
1.054302872e+00
1.056368238e+00
1.058337061e+00
1.060212496e+00
1.061997475e+00
1.063694721e+00
1.065306757e+00
1.066835917e+00
1.068284356e+00
1.069654060e+00
1.070946857e+00
1.072164423e+00
1.073308296e+00
1.074379885e+00
1.075380479e+00
1.076311253e+00
1.077173287e+00
1.077967564e+00
1.078694986e+00
1.079356381e+00
1.079952509e+00
1.080484074e+00
1.080951724e+00
1.081356064e+00
1.081697655e+00
1.081977024e+00
1.082194662e+00
1.082351030e+00
1.082446558e+00
1.082481648e+00
1.082456670e+00
1.082371963e+00
1.082227832e+00
1.082024546e+00
1.081762335e+00
1.081441384e+00
1.081061834e+00
1.080623773e+00
1.080127235e+00
1.079572196e+00
1.078958566e+00
1.078286194e+00
1.077554855e+00
1.076764255e+00
1.075914020e+00
1.075003702e+00
1.074032771e+00
1.073000612e+00
1.071906530e+00
1.070749741e+00
1.069529374e+00
1.068244473e+00
1.066893990e+00
1.065476789e+00
1.063991643e+00
1.062437236e+00
1.060812162e+00
1.059114924e+00
1.057343935e+00
1.055497520e+00
1.053573915e+00
1.051571268e+00
1.049487639e+00
1.047321007e+00
1.045069262e+00
1.042730215e+00
1.040301598e+00
1.037781064e+00
1.035166195e+00
1.032454499e+00
1.029643420e+00
1.026730340e+00
1.023712582e+00
1.020587419e+00
1.017352081e+00
1.014003756e+00
1.010539607e+00
1.006956772e+00
1.003252380e+00
9.994235588e-01
9.954674465e-01
9.913812043e-01
9.871620301e-01
9.828071725e-01
9.783139461e-01
9.736797478e-01
9.689020738e-01
9.639785364e-01
9.589068828e-01
9.536850132e-01
9.483109989e-01
9.427831011e-01
9.370997876e-01
9.312597500e-01
9.252619183e-01
9.191054740e-01
9.127898594e-01
9.063147853e-01
8.996802322e-01
8.928864465e-01
8.859339319e-01
8.788234306e-01
8.715558973e-01
8.641324618e-01
8.565543799e-01
8.488229686e-01
8.409395281e-01
8.329052427e-01
8.247210554e-01
8.163875283e-01
8.079046571e-01
7.992716625e-01
7.904867277e-01
7.815466781e-01
7.724465907e-01
7.631792965e-01
7.537347940e-01
7.440994200e-01
7.342548742e-01
7.241768670e-01
7.138333397e-01
7.031821049e-01
6.921676038e-01
6.813237567e-01
6.705300596e-01
6.596726456e-01
6.486471672e-01
6.373614512e-01
6.257376166e-01
6.137137539e-01
6.012449595e-01
5.883038624e-01
5.748805182e-01
5.609817918e-01
5.466302262e-01
5.318625286e-01
5.167276521e-01
5.012847303e-01
4.856007977e-01
4.697484692e-01
4.538037152e-01
4.378436704e-01
4.219447293e-01
4.061808013e-01
3.906219440e-01
3.753332060e-01
3.603738895e-01
3.457970316e-01
3.316492713e-01
3.179708616e-01
3.047960481e-01
2.921535297e-01
2.800671150e-01
2.685563728e-01
2.576374911e-01
2.473239922e-01
2.376275259e-01
2.285585343e-01
2.201268410e-01
2.123422366e-01
2.052147961e-01
1.987552573e-01
1.929751390e-01
1.878869341e-01
1.835039506e-01
1.798404025e-01
1.769111837e-01
1.747316471e-01
1.733174572e-01
1.726843034e-01
1.728476581e-01
1.738225425e-01
1.756232360e-01
1.782631070e-01
1.817543899e-01
1.861080323e-01
1.913335283e-01
1.974387692e-01
2.044300264e-01
2.123117345e-01
2.210865800e-01
2.307553523e-01
2.413169553e-01
2.527683547e-01
2.651045949e-01
2.783187488e-01
2.924019326e-01
3.073432472e-01
3.231297741e-01
3.397465949e-01
3.571767602e-01
3.754011477e-01
3.943986884e-01
4.141460504e-01
4.346177881e-01
4.557863224e-01
4.776217746e-01
5.000921328e-01
5.231630487e-01
5.467979957e-01
5.709581630e-01
5.956024166e-01
6.206875080e-01
6.461678614e-01
6.719958166e-01
6.981214392e-01
7.244928401e-01
7.510560565e-01
7.777553135e-01
8.045328886e-01
8.313294429e-01
8.580841560e-01
8.847345956e-01
9.112172732e-01
9.374675686e-01
9.634200017e-01
9.890083686e-01
1.014166141e+00
1.038826560e+00
1.062922890e+00
1.086388722e+00
1.109158277e+00
1.131166636e+00
1.152349969e+00
1.172646004e+00
1.191994131e+00
1.210335817e+00
1.227614849e+00
1.243777627e+00
1.258773465e+00
1.272554858e+00
1.285077694e+00
1.296301573e+00
1.306190016e+00
1.314710612e+00
1.321835358e+00
1.327540573e+00
1.331807292e+00
1.334621282e+00
1.335973026e+00
1.335857999e+00
1.334276485e+00
1.331233770e+00
1.326739801e+00
1.320809522e+00
1.313462517e+00
1.304722951e+00
1.294619489e+00
1.283185004e+00
1.270456556e+00
1.256475044e+00
1.241284969e+00
1.224934263e+00
1.207474105e+00
1.188958399e+00
1.169443614e+00
1.148988609e+00
1.127654296e+00
1.105503166e+00
1.082599154e+00
1.059007385e+00
1.034793707e+00
1.010024629e+00
9.847669567e-01
9.590874299e-01
9.330526284e-01
9.067286818e-01
8.801810364e-01
8.534741882e-01
8.266716604e-01
7.998356807e-01
7.730269754e-01
7.463048287e-01
7.197267678e-01
6.933484260e-01
6.672236242e-01
6.414041751e-01
6.159397700e-01
5.908778603e-01
5.662639519e-01
5.421409838e-01
5.185499631e-01
4.955293874e-01
4.731155952e-01
4.513425686e-01
4.302420310e-01
4.098434776e-01
3.901741376e-01
3.712589950e-01
3.531208728e-01
3.357805180e-01
3.192564566e-01
3.035651361e-01
2.887211050e-01
2.747367055e-01
2.616226295e-01
2.493874578e-01
2.380379280e-01
2.275791163e-01
2.180142949e-01
2.093449691e-01
2.015710571e-01
1.946910569e-01
1.887016801e-01
1.835983184e-01
1.793750910e-01
1.760246972e-01
1.735385968e-01
1.719072378e-01
1.711198127e-01
1.711646563e-01
1.720291509e-01
1.736995940e-01
1.761616337e-01
1.793999673e-01
1.833982310e-01
1.881391594e-01
1.936043939e-01
1.997741373e-01
2.066273590e-01
2.141412432e-01
2.222912927e-01
2.310510284e-01
2.403921293e-01
2.502844083e-01
2.606961731e-01
2.715946109e-01
2.829467256e-01
2.947200948e-01
3.068841776e-01
3.194119535e-01
3.322812355e-01
3.454761929e-01
3.589888656e-01
3.728199674e-01
3.869788761e-01
4.014832802e-01
4.163568318e-01
4.316259847e-01
4.473151284e-01
4.634402339e-01
4.800013699e-01
4.969742189e-01
5.143017581e-01
5.318863639e-01
5.495840369e-01
5.672013851e-01
5.844970912e-01
6.011888182e-01
6.169661391e-01
6.315104374e-01
6.445214291e-01
6.557489944e-01
6.650299584e-01
6.723254984e-01
6.777574717e-01
6.816391863e-01
6.844967212e-01
6.870764065e-01
6.903356108e-01
6.954138694e-01
7.035833425e-01
7.161795959e-01
7.345154314e-01
7.597825817e-01
7.929486274e-01
8.346571131e-01
8.851408975e-01
9.441580092e-01
1.010959429e+00
1.084296408e+00
1.162473119e+00
1.241100129e+00
1.304010795e+00
1.355788586e+00
1.398401214e+00
1.433443594e+00
1.462228235e+00
1.485841782e+00
1.505184519e+00
1.521000856e+00
1.533904433e+00
1.544399507e+00
1.552899342e+00
1.559741982e+00
1.565203673e+00
1.569510160e+00
1.572846108e+00
1.575362875e+00
1.577184877e+00
1.578414763e+00
1.579137595e+00
1.579424212e+00
1.579333932e+00
1.578916704e+00
1.578214839e+00
1.577264383e+00
1.576096226e+00
1.574736979e+00
1.573209691e+00
1.571534420e+00
1.569728694e+00
1.567807899e+00
1.565785581e+00
1.563673706e+00
1.561482877e+00
1.559222504e+00
1.556900962e+00
1.554525714e+00
1.552103424e+00
1.549640044e+00
1.547140902e+00
1.544610768e+00
1.542053918e+00
1.539474184e+00
1.536875006e+00
1.534259470e+00
1.531630349e+00
1.528990131e+00
1.526341052e+00
1.523685122e+00
1.521024147e+00
1.518359748e+00
1.515693384e+00
1.513026366e+00
1.510359873e+00
1.507694963e+00
1.505032590e+00
1.502373608e+00
1.499718788e+00
1.497068819e+00
1.494424325e+00
1.491785863e+00
1.489153935e+00
1.486528992e+00
1.483911440e+00
1.481301640e+00
1.478699922e+00
1.476106577e+00
1.473521869e+00
1.470946034e+00
1.468379284e+00
1.465821809e+00
1.463273780e+00
1.460735348e+00
1.458206651e+00
1.455687811e+00
1.453178936e+00
1.450680125e+00
1.448191465e+00
1.445713034e+00
1.443244900e+00
1.440787125e+00
1.438339765e+00
1.435902866e+00
1.433476473e+00
1.431060622e+00
1.428655347e+00
1.426260678e+00
1.423876638e+00
1.421503251e+00
1.419140536e+00
1.416788508e+00
1.414447181e+00
1.412116566e+00
1.409796674e+00
1.407487512e+00
1.405189086e+00
1.402901400e+00
1.400624458e+00
1.398358261e+00
1.396102809e+00
1.393858104e+00
1.391624143e+00
1.389400924e+00
1.387188445e+00
1.384986701e+00
1.382795689e+00
1.380615403e+00
1.378445839e+00
1.376286989e+00
1.374138847e+00
1.372001407e+00
1.369874661e+00
1.367758600e+00
1.365653217e+00
1.363558503e+00
1.361474449e+00
1.359401044e+00
1.357338280e+00
1.355286146e+00
1.353244632e+00
1.351213726e+00
1.349193418e+00
1.347183696e+00
1.345184549e+00
1.343195966e+00
1.341217934e+00
1.339250458e+00
1.337293524e+00
1.335347121e+00
1.333411237e+00
1.331485859e+00
1.329570975e+00
1.327666571e+00
1.325772635e+00
1.323889155e+00
1.322016116e+00
1.320153506e+00
1.318301310e+00
1.316459516e+00
1.314628110e+00
1.312807078e+00
1.310996406e+00
1.309196079e+00
1.307406083e+00
1.305626404e+00
1.303857027e+00
1.302097937e+00
1.300349119e+00
1.298610559e+00
1.296882240e+00
1.295164148e+00
1.293456266e+00
1.291758580e+00
1.290071073e+00
1.288393728e+00
1.286726531e+00
1.285069464e+00
1.283422511e+00
1.281785655e+00
1.280158879e+00
1.278542167e+00
1.276935501e+00
1.275338863e+00
1.273752236e+00
1.272175603e+00
1.270608945e+00
1.269052245e+00
1.267505484e+00
1.265968643e+00
1.264441706e+00
1.262924651e+00
1.261417462e+00
1.259920118e+00
1.258432601e+00
1.256954891e+00
1.255486968e+00
1.254028813e+00
1.252580406e+00
1.251141727e+00
1.249712755e+00
1.248293471e+00
1.246883852e+00
1.245483880e+00
1.244093532e+00
1.242712788e+00
1.241341626e+00
1.239980025e+00
1.238627963e+00
1.237285419e+00
1.235952369e+00
1.234628793e+00
1.233314668e+00
1.232009970e+00
1.230714678e+00
1.229428769e+00
1.228152219e+00
1.226885005e+00
1.225627104e+00
1.224378493e+00
1.223139146e+00
1.221909041e+00
1.220688153e+00
1.219476457e+00
1.218273930e+00
1.217080547e+00
1.215896282e+00
1.214721110e+00
1.213555008e+00
1.212397948e+00
1.211249905e+00
1.210110854e+00
1.208980768e+00
1.207859621e+00
1.206747388e+00
1.205644041e+00
1.204549554e+00
1.203463900e+00
1.202387051e+00
1.201318982e+00
1.200259663e+00
1.199209068e+00
1.198167169e+00
1.197133937e+00
1.196109345e+00
1.195093365e+00
1.194085967e+00
1.193087123e+00
1.192096805e+00
1.191114983e+00
1.190141627e+00
1.189176710e+00
1.188220200e+00
1.187272069e+00
1.186332286e+00
1.185400821e+00
1.184477644e+00
1.183562725e+00
1.182656032e+00
1.181757536e+00
1.180867205e+00
1.179985007e+00
1.179110913e+00
1.178244890e+00
1.177386906e+00
1.176536930e+00
1.175694931e+00
1.174860875e+00
1.174034731e+00
1.173216467e+00
1.172406050e+00
1.171603449e+00
1.170808619e+00
1.170021528e+00
1.169242144e+00
1.168470433e+00
1.167706364e+00
1.166949901e+00
1.166201013e+00
1.165459665e+00
1.164725822e+00
1.163999452e+00
1.163280519e+00
1.162568988e+00
1.161864826e+00
1.161167996e+00
1.160478464e+00
1.159796195e+00
1.159121153e+00
1.158453301e+00
1.157792605e+00
1.157139029e+00
1.156492535e+00
1.155853089e+00
1.155220653e+00
1.154595191e+00
1.153976665e+00
1.153365040e+00
1.152760278e+00
1.152162342e+00
1.151571195e+00
1.150986798e+00
1.150409115e+00
1.149838108e+00
1.149273738e+00
1.148715968e+00
1.148164761e+00
1.147620076e+00
1.147081877e+00
1.146550124e+00
1.146024779e+00
1.145505803e+00
1.144993158e+00
1.144486804e+00
1.143986703e+00
1.143492814e+00
1.143005099e+00
1.142523519e+00
1.142048033e+00
1.141578603e+00
1.141115188e+00
1.140657749e+00
1.140206245e+00
1.139760638e+00
1.139320886e+00
1.138886949e+00
1.138458787e+00
1.138036360e+00
1.137619628e+00
1.137208549e+00
1.136803083e+00
1.136403190e+00
1.136008828e+00
1.135619957e+00
1.135236536e+00
1.134858524e+00
1.134485879e+00
1.134118561e+00
1.133756529e+00
1.133399741e+00
1.133048157e+00
1.132701733e+00
1.132360431e+00
1.132024206e+00
1.131693020e+00
1.131366829e+00
1.131045592e+00
1.130729268e+00
1.130417816e+00
1.130111192e+00
1.129809356e+00
1.129512266e+00
1.129219881e+00
1.128932157e+00
1.128649055e+00
1.128370531e+00
1.128096545e+00
1.127827053e+00
1.127562015e+00
1.127301389e+00
1.127045132e+00
1.126793204e+00
1.126545561e+00
1.126302164e+00
1.126062968e+00
1.125827934e+00
1.125597018e+00
1.125370180e+00
1.125147377e+00
1.124928569e+00
1.124713713e+00
1.124502767e+00
1.124295691e+00
1.124092442e+00
1.123892980e+00
1.123697262e+00
1.123505248e+00
1.123316895e+00
1.123132164e+00
1.122951012e+00
1.122773398e+00
1.122599282e+00
1.122428622e+00
1.122261378e+00
1.122097508e+00
1.121936972e+00
1.121779730e+00
1.121625740e+00
1.121474962e+00
1.121327356e+00
1.121182881e+00
1.121041497e+00
1.120903165e+00
1.120767844e+00
1.120635494e+00
1.120506076e+00
1.120379549e+00
1.120255876e+00
1.120135015e+00
1.120016929e+00
1.119901577e+00
1.119788921e+00
1.119678922e+00
1.119571542e+00
1.119466741e+00
1.119364482e+00
1.119264727e+00
1.119167436e+00
1.119072574e+00
1.118980100e+00
1.118889979e+00
1.118802173e+00
1.118716644e+00
1.118633356e+00
1.118552272e+00
1.118473355e+00
1.118396569e+00
1.118321877e+00
1.118249244e+00
1.118178633e+00
1.118110009e+00
1.118043337e+00
1.117978581e+00
1.117915707e+00
1.117854679e+00
1.117795464e+00
1.117738026e+00
1.117682332e+00
1.117628348e+00
1.117576040e+00
1.117525375e+00
1.117476320e+00
1.117428842e+00
1.117382909e+00
1.117338487e+00
1.117295546e+00
1.117254052e+00
1.117213975e+00
1.117175284e+00
1.117137947e+00
1.117101933e+00
1.117067212e+00
1.117033754e+00
1.117001530e+00
1.116970508e+00
1.116940661e+00
1.116911959e+00
1.116884373e+00
1.116857876e+00
1.116832438e+00
1.116808032e+00
1.116784631e+00
1.116762207e+00
1.116740734e+00
1.116720185e+00
1.116700534e+00
1.116681754e+00
1.116663822e+00
1.116646710e+00
1.116630395e+00
1.116614851e+00
1.116600055e+00
1.116585983e+00
1.116572611e+00
1.116559915e+00
1.116547875e+00
1.116536465e+00
1.116525666e+00
1.116515454e+00
1.116505809e+00
1.116496709e+00
1.116488134e+00
1.116480064e+00
1.116472478e+00
1.116465358e+00
1.116458683e+00
1.116452435e+00
1.116446596e+00
1.116441148e+00
1.116436073e+00
1.116431354e+00
1.116426973e+00
1.116422915e+00
1.116419163e+00
1.116415702e+00
1.116412517e+00
1.116409591e+00
1.116406912e+00
1.116404465e+00
1.116402235e+00
1.116400211e+00
1.116398378e+00
1.116396726e+00
1.116395240e+00
1.116393910e+00
1.116392725e+00
1.116391674e+00
1.116390746e+00
1.116389931e+00
1.116389220e+00
1.116388603e+00
1.116388072e+00
1.116387619e+00
1.116387235e+00
1.116386913e+00
1.116386646e+00
1.116386428e+00
1.116386252e+00
1.116386112e+00
1.116386003e+00
1.116385920e+00
1.116385858e+00
1.116385815e+00
1.116385785e+00
1.116385765e+00
1.116385753e+00
1.116385747e+00
1.116385744e+00
1.116385744e+00
1.116385744e+00
1.116385744e+00
