2.254920855633864459e-09
9.015548611982493193e-09
2.026948976738025994e-08
3.599612046900085785e-08
5.616662995821799268e-08
8.074407904589648716e-08
1.096834734851129863e-07
1.429318521017509096e-07
1.804283894265091611e-07
2.221045127652001339e-07
2.678840333396361300e-07
3.176832912915856890e-07
3.714113143133807141e-07
4.289699894859909460e-07
4.902542481143859134e-07
5.551522630707872265e-07
6.235456584686145929e-07
6.953097309895358351e-07
7.703136826821843838e-07
8.484208646758788036e-07
9.294890313815557047e-07
1.013370604645241530e-06
1.099912947453935018e-06
1.188958646609491331e-06
1.280345803776767616e-06
1.373908334576015270e-06
1.469476274858047324e-06
1.566876093894557823e-06
1.665931013683616745e-06
1.766461333698460160e-06
1.868284761319817046e-06
1.971216745157374423e-06
2.075070814087047935e-06
2.179658917959718412e-06
2.284791770844016797e-06
2.390279197577097562e-06
2.495930479714107459e-06
2.601554703076798690e-06
2.706961104880641119e-06
2.811959421573875839e-06
2.916360232436884233e-06
3.019975304007961772e-06
3.122617930654085195e-06
3.224103272767895277e-06
3.324248689893326885e-06
3.422874069790516938e-06
3.519802154276627975e-06
3.614858857398958918e-06
3.707873577506440867e-06
3.798679504535924866e-06
3.887113917044940179e-06
3.973018475064551650e-06
4.056239501301001046e-06
4.136628254700458684e-06
4.214041196636852473e-06
4.288340243917103389e-06
4.359393013477209991e-06
4.427073057146523493e-06
4.491260083307477864e-06
4.551840168982883693e-06
4.608705957896459787e-06
4.661756849952448368e-06
4.710899173817682768e-06
4.756046350914661404e-06
4.797119042839440597e-06
4.834045287817800426e-06
4.866760622905508950e-06
4.895208191744472412e-06
4.919338840073255569e-06
4.939111194729579565e-06
4.954491731777621485e-06
4.965454826978037995e-06
4.971982794224936429e-06
4.974065908953452416e-06
4.971702416804458166e-06
4.964898528408283700e-06
4.953668398317652210e-06
4.938034093484512049e-06
4.918025542518970180e-06
4.893680474009421067e-06
4.865044341571841072e-06
4.832170231302565451e-06
4.795118760483801842e-06
4.753957958783196195e-06
4.708763139165369562e-06
4.659616753743829108e-06
4.606608239154979923e-06
4.549833848234738248e-06
4.489396469753295578e-06
4.425405437200964646e-06
4.357976325950531077e-06
4.287230739570706259e-06
4.213296085895982188e-06
4.136305343009305616e-06
4.056396815389450311e-06
3.973713880374349723e-06
3.888404728737926748e-06
3.800622093304397036e-06
3.710522972150996530e-06
3.618268345339880856e-06
3.524022881843398271e-06
3.427954645047341256e-06
3.330234787821770597e-06
3.231037247464012456e-06
3.130538431359953532e-06
3.028916903409255333e-06
2.926353063632651174e-06
2.823028827336320759e-06
2.719127300713873303e-06
2.614832456985659985e-06
2.510328808844661490e-06
2.405801083172925291e-06
2.301433893710211420e-06
2.197411417025122295e-06
2.093917068393294818e-06
1.991133179115332490e-06
1.889240678057903615e-06
1.788418775888984715e-06
1.688844651943968573e-06
1.590693146221423719e-06
1.494136456664292914e-06
1.399343840851375145e-06
1.306481323790456670e-06
1.215711412226142721e-06
1.127192816086501091e-06
1.041080176634777878e-06
9.626528419619234803e-07
8.912425852423388117e-07
8.262408984593693076e-07
7.670938213569560546e-07
7.132972334676010804e-07
6.643925695268755471e-07
6.199629215319104945e-07
5.796294948854654530e-07
5.430483880922992856e-07
5.099076690858059788e-07
4.799247232378955085e-07
4.528438504638957652e-07
4.284340912997646385e-07
4.064872632241279420e-07
3.868161909291479892e-07
3.692531151265596112e-07
3.536482667840794503e-07
3.398685945345744777e-07
3.277966344261652279e-07
3.173295125946582365e-07
3.083780723952397148e-07
3.008661184846559670e-07
2.947297716782729178e-07
2.899169290036852503e-07
2.863868244711556503e-07
2.841096869502358056e-07
2.830664921614407075e-07
2.832488069434076762e-07
2.846587243663318363e-07
2.873088894279809094e-07
2.912226154408983238e-07
2.964340924043926755e-07
3.029886891606284141e-07
3.109433520519110893e-07
3.203671036270240031e-07
3.313416458667448723e-07
3.439620731262521864e-07
3.583377012232218116e-07
3.745930198321722446e-07
3.928687765806324069e-07
4.133232024339075227e-07
4.361333889363117913e-07
4.614968296730941838e-07
4.896331390753031107e-07
5.207859639957981514e-07
5.552251045540888297e-07
5.932488629288091042e-07
6.351866408253243396e-07
6.814018079481060443e-07
7.322948672540471783e-07
7.883069441492896906e-07
8.499236306175685080e-07
9.176792178289458435e-07
9.921613544563021542e-07
1.074016171493391939e-06
1.163953918715218860e-06
1.262755162154145371e-06
1.371277597161149129e-06
1.490463536867160815e-06
1.621348141510576084e-06
1.765068463047152523e-06
1.922873379796426051e-06
2.096134515834812045e-06
2.286358233769529687e-06
2.495198811940378814e-06
2.724472920184831425e-06
2.976175521277764567e-06
3.252497338130348278e-06
3.555844046043998083e-06
3.888857347780740457e-06
4.254438132270519584e-06
4.655771910653759007e-06
5.096356756816634067e-06
5.580034005781658463e-06
6.111021971281048702e-06
6.693952991336717653e-06
7.333914120740312481e-06
8.036491839979030102e-06
8.807821168563813400e-06
9.654639625823158394e-06
1.058434651208480217e-05
1.160506804085002146e-05
1.272572889900821272e-05
1.395613087281419460e-05
1.530703923457777638e-05
1.679027766757291485e-05
1.841883256221986509e-05
2.020696762589221921e-05
2.217034982125886379e-05
2.432618775566267185e-05
2.669338376340768263e-05
2.929270102988915098e-05
3.214694726440535692e-05
3.528117655165784519e-05
3.872291120124847388e-05
4.250238557049810346e-05
4.665281405547989224e-05
5.121068565168350022e-05
5.621608773105494280e-05
6.171306193418900246e-05
6.774999539279609277e-05
7.438005080271797864e-05
8.166163919662575361e-05
8.965893971671950644e-05
9.844247104248290915e-05
1.080897196535113042e-04
1.186858305993571626e-04
1.303243670367960243e-04
1.431081453663277526e-04
1.571501536079890381e-04
1.725745613335071199e-04
1.895178302092974897e-04
2.081299354693907921e-04
2.285757091811588249e-04
2.510363177318741769e-04
2.757108869405677310e-04
3.028182895954688075e-04
3.325991118789098822e-04
3.653178162370175229e-04
4.012651214612292455e-04
4.407606204277254185e-04
4.841556607924877870e-04
5.318365144852687815e-04
5.842278650321974451e-04
6.417966453713337726e-04
7.016094473906111682e-04
7.635861328743728717e-04
8.276441390964352088e-04
8.936986356092506238e-04
9.616626829825096956e-04
1.031447394844333884e-03
1.102962101543804047e-03
1.176114516352338947e-03
1.250810902678879547e-03
1.326956242999350472e-03
1.404454408489050387e-03
1.483208329472956045e-03
1.563120165924886552e-03
1.644091478470836388e-03
1.726023398394730974e-03
1.808816797513389946e-03
1.892372457042615147e-03
1.976591234832428875e-03
2.061374231658497438e-03
2.146622955000441948e-03
2.232239481264189536e-03
2.318126614931342606e-03
2.404188045665622570e-03
2.490328501732858805e-03
2.576453900767305179e-03
2.662471496398735506e-03
2.748290021865767031e-03
2.833819828681707030e-03
2.918973021701984014e-03
3.003663589327896979e-03
3.087807529618949963e-03
3.171322970480219047e-03
3.254130285684877274e-03
3.336152204945516501e-03
3.417313918956493314e-03
3.497543178766715066e-03
3.576770388819812234e-03
3.654928695046639597e-03
3.731954065899048805e-03
3.807785368130194026e-03
3.882364435294668060e-03
3.955636131411794862e-03
4.027548406315542562e-03
4.098052345979430466e-03
4.167102215978116253e-03
4.234655497770543897e-03
4.300672919038467899e-03
4.365118477120893438e-03
4.427959455800264260e-03
4.489166435847180558e-03
4.548713298418745679e-03
4.606577222317656192e-03
4.662738674523621459e-03
4.717181394497929961e-03
4.769892372169529104e-03
4.820861819090565409e-03
4.870083134548557069e-03
4.917552864141215563e-03
4.963270653700122340e-03
5.007239196638163352e-03
5.049464175996498660e-03
5.089954200645070703e-03
5.128720736478058033e-03
5.165778032110670236e-03
5.201143039915531036e-03
5.234835331963456038e-03
5.266877011220645610e-03
5.297292618571962201e-03
5.326109036129243572e-03
5.353355384846065351e-03
5.379062920889431110e-03
5.403264926326090123e-03
5.425996597319791490e-03
5.447294929958137501e-03
5.467198601804764378e-03
5.485747852592044727e-03
5.502984361055500429e-03
5.518951120961654994e-03
5.533692315103093569e-03
5.547253186787223962e-03
5.559679911976420259e-03
5.571019468582040328e-03
5.581319506955343540e-03
5.590628217877305003e-03
5.598994202316432203e-03
5.606466339812671978e-03
5.613093658959488093e-03
5.618925206691933842e-03
5.624009919407133885e-03
5.628396496402495418e-03
5.632133272070731500e-03
5.635268092417203799e-03
5.637848192230622037e-03
5.639920075040436194e-03
5.641529394562930233e-03
5.642720840114055954e-03
5.643538024357494347e-03
5.644023374052807573e-03
5.644218024223356285e-03
5.644161716231394475e-03
5.643892699631150069e-03
5.643447637164612958e-03
5.642861515257600359e-03
5.642167557747536540e-03
5.641397144746095570e-03
5.640579735977968405e-03
5.639742798902104733e-03
5.638911741906086836e-03
5.638109852762532986e-03
5.637358241850918064e-03
5.636675791107203896e-03
5.636079108514350719e-03
5.635582487414502080e-03
5.635197872819639256e-03
5.634934831643013432e-03
5.634800529891621605e-03
5.634799715634355825e-03
5.634934706739002687e-03
5.635205385860439856e-03
5.635609199954324557e-03
5.636141167295347608e-03
5.636793887991788793e-03
5.637557562516016911e-03
5.638420014952515678e-03
5.639366721963242485e-03
5.640380848032170054e-03
5.641443285372353678e-03
5.642532700350246129e-03
5.643625584923366890e-03
5.644696313155866084e-03
5.645717202956539345e-03
5.646658583965714906e-03
5.647488869215350725e-03
5.648174631642506258e-03
5.648680685806554448e-03
5.648970174513026979e-03
5.649004658759422016e-03
5.648744212201668377e-03
5.648147520231448261e-03
5.647171981667102950e-03
5.645773814958995017e-03
5.643908167751200515e-03
5.641529228852041646e-03
5.638590343718856944e-03
5.635044132518321480e-03
5.630842610755677421e-03
5.625937311471177101e-03
5.620279410294895875e-03
5.613819851909289567e-03
5.606509477272475853e-03
5.598299153118603891e-03
5.589139901922684887e-03
5.578983031966459893e-03
5.567780268614365598e-03
5.555483885535256183e-03
5.542046835795470285e-03
5.527422881495688660e-03
5.511566725153036438e-03
5.494434136872344485e-03
5.475982083473379149e-03
5.456168853750506011e-03
5.434954183389669423e-03
5.412299377122924658e-03
5.388167428790458999e-03
5.362523139050265342e-03
5.335333230148853363e-03
5.306566457486392926e-03
5.276193717919824486e-03
5.244188155111690307e-03
5.210525260389720775e-03
5.175182969541680840e-03
5.138141756573003614e-03
5.099384720981676479e-03
5.058897672849223086e-03
5.016669211347937057e-03
4.972690798438042341e-03
4.926956828165776972e-03
4.879464690161521706e-03
4.830214827264025720e-03
4.779210787539894291e-03
4.726459271707604028e-03
4.671970172685187446e-03
4.615756610050829670e-03
4.557834958791508184e-03
4.498224871022517453e-03
4.436949291247978787e-03
4.374034466223717353e-03
4.309509946895224118e-03
4.243408584856005368e-03
4.175766522251744481e-03
4.106623173799314568e-03
4.036021203737639486e-03
3.964006495666905043e-03
3.890628115116947366e-03
3.815938266219899479e-03
3.739992242081639599e-03
3.662848367479793789e-03
3.584567936685773091e-03
3.505215143632127786e-03
3.424857006734435393e-03
3.343563286846354746e-03
3.261406399761381230e-03
3.178461322383847095e-03
3.094805493491243915e-03
3.010518708279694231e-03
2.925683008305899474e-03
2.840382565534483629e-03
2.754703561031926484e-03
2.668734059604294020e-03
2.582563879265857999e-03
2.496284455842557367e-03
2.409988703853878887e-03
2.323770873587439542e-03
2.237726403266137275e-03
2.151951769142916929e-03
2.066544331259421823e-03
1.981602176581358753e-03
1.897223959472726278e-03
1.813508739540528126e-03
1.730555817674469957e-03
1.648464569690583428e-03
1.567334278991396697e-03
1.487263967470010958e-03
1.408352225957148476e-03
1.330697043674001524e-03
1.254395637327905891e-03
1.179544280649864928e-03
1.106238133853054782e-03
1.034571073701586689e-03
9.646355252499284405e-04
8.965222934406395913e-04
8.303203978981181597e-04
7.661169087296037811e-04
7.039967847559810369e-04
6.440427141713422335e-04
5.863349585390324227e-04
5.309511994224046889e-04
4.779663887079515388e-04
4.274526028554656207e-04
3.794789010288938990e-04
3.341111875824635596e-04
2.914120794179879273e-04
2.514407778587920451e-04
2.142529461334467973e-04
1.799005919239131596e-04
1.484319558904125078e-04
1.198914059280348866e-04
9.431933755805795158e-05
7.175208080249629943e-05
5.222181352057116643e-05
3.800772364177209850e-05
2.766267572342556502e-05
2.013348172929886511e-05
1.465365341567651599e-05
1.066535306874800039e-05
7.762592893907503862e-06
5.649897872888260382e-06
4.112222093754799299e-06
2.993054798223462450e-06
2.178486542903511063e-06
1.585612893791602034e-06
1.154094835290932414e-06
8.400165382203228670e-07
6.114150932117410769e-07
4.450270655970718332e-07
3.239206354405214330e-07
2.357722569499362047e-07
1.716123952802632625e-07
1.249126569524315046e-07
9.092138749360220144e-08
6.618010527796562554e-08
4.817154984750976856e-08
3.506352125428831533e-08
2.552243796157958392e-08
1.857763746794140561e-08
1.352260886666775712e-08
9.843105602260947433e-09
7.164822517476148013e-09
5.215312583685383868e-09
3.796267827001025477e-09
2.763343799166585408e-09
2.011474603072320126e-09
1.464184228570040910e-09
1.065806625847232528e-09
7.758229271518372787e-10
5.647396615366429716e-10
4.110886037749418567e-10
2.992430261147243360e-10
2.178281859040155502e-10
1.585643427763577104e-10
1.154246042090136990e-10
8.402192864848451267e-11
6.116292878054985228e-11
4.452308625649747274e-11
3.241034061992834863e-11
2.359300511361632251e-11
1.717450572181597467e-11
1.250220274529572748e-11
9.101021073520607006e-12
6.625138803381844625e-12
4.822820627161156974e-12
3.510819417783370031e-12
2.555742620539482743e-12
1.860488410227659101e-12
1.354372229611225848e-12
9.859396174629379856e-13
7.177344474513338049e-13
5.224905582780930239e-13
3.803595071089073861e-13
2.768925474939476884e-13
2.015716307405623879e-13
1.467400601160706490e-13
1.068240665990413251e-13
7.776615769282747499e-14
5.661262434476628704e-14
4.121326627478807875e-14
3.000280605868876292e-14
2.184176839567522334e-14
1.590064696619358115e-14
1.157558262794613571e-14
8.426980369955756984e-15
6.134824693202457075e-15
4.466150741881341822e-15
3.251364340601170435e-15
2.367003697071055039e-15
1.723190412800265928e-15
1.254494147806322422e-15
9.132823210762231111e-16
6.648788418986794152e-16
4.840397657694371927e-16
3.523876376741357933e-16
2.565437373816997474e-16
1.867683821632514227e-16
1.359710844940991830e-16
9.898995867164854987e-17
7.206713499158340016e-17
5.246686571851586353e-17
3.819750843848511043e-17
2.780913092998594428e-17
2.024616815272008123e-17
1.474015650767855790e-17
1.073164437169330200e-17
7.813342667425847798e-18
5.688738272182924099e-18
4.141964294269222436e-18
3.015865427714579613e-18
2.196029283462945035e-18
1.599161062153223767e-18
1.164620128883186436e-18
8.482585420250856920e-19
6.179354054004143329e-19
4.502512332706549385e-19
3.281705036462380938e-19
2.392908326361596584e-19
1.745829027077429411e-19
1.274730909848325633e-19
9.317561002673999258e-20
6.820629220726064426e-20
5.002861578670913365e-20
3.679601497176333530e-20
2.716428040702370336e-20
2.015500106474155003e-20
1.505616828465764786e-20
1.134984390145492788e-20
8.659545072087403351e-21
6.711997299481992012e-21
5.309374267580830527e-21
4.309202211725021473e-21
3.609886624870868514e-21
3.140391593839993786e-21
2.853023820861439438e-21
2.718586712209518005e-21
2.723412763691734158e-21
2.867980128157288302e-21
3.166950990942831368e-21
3.478312017882684367e-21
3.801514907139277945e-21
4.135990391284114123e-21
4.481145529028146707e-21
4.836370023146620834e-21
5.201036963784672269e-21
5.574494731354286292e-21
5.956088613331473286e-21
6.345135599074079351e-21
6.740952135341727941e-21
7.142831945906635700e-21
7.550064782804807170e-21
7.961918333238775882e-21
8.377674394680818011e-21
8.796578658919838491e-21
9.217891706160691030e-21
9.640860536078766184e-21
1.006472481608682169e-20
1.048873940794193998e-20
1.091214352174975772e-20
1.133418009328252384e-20
1.175408557505489317e-20
1.217111932852458562e-20
1.258452695275877713e-20
1.299357325802992293e-20
1.339752076428745040e-20
1.379564259245618518e-20
1.418722270965362545e-20
1.457155442661282171e-20
1.494796216523946385e-20
1.531574867988578119e-20
1.567425681989287551e-20
1.602284515013508011e-20
1.636088008123215726e-20
1.668774378001657498e-20
1.700285143831727380e-20
1.730563449679201858e-20
1.759554277294952939e-20
1.787203444856221861e-20
1.813462994056586441e-20
1.838283878985041843e-20
1.861621222867694983e-20
1.883431935420220501e-20
1.903677209104870788e-20
1.922318368452764493e-20
1.939322611604537038e-20
1.954656971600081833e-20
1.968294725545670310e-20
1.980210299371824398e-20
1.990381732995969728e-20
1.998787659099807208e-20
2.005415980584362252e-20
2.010249729410628219e-20
2.013282551660359342e-20
2.014507993628868989e-20
2.013919468211317534e-20
2.011523425627342535e-20
2.007317592113043150e-20
2.001310732841923811e-20
1.993515142716637654e-20
1.983941486706675356e-20
1.972607478936766961e-20
1.959532826963810359e-20
1.944739687663702381e-20
1.928253626741231192e-20
1.910106086776211942e-20
1.890325913793606480e-20
1.868950993451930645e-20
1.846017754006773355e-20
1.821566698778485315e-20
1.795643957210241089e-20
1.768294368417386577e-20
1.739564653717721384e-20
1.709509042640898951e-20
1.678180727026897827e-20
1.645634730337388643e-20
1.611931722044929700e-20
1.577130739408610973e-20
1.541293446839023812e-20
1.504486748514756696e-20
1.466775587366574656e-20
1.428228308139326039e-20
1.388914598944468428e-20
1.348905144069953433e-20
1.308271491183190090e-20
1.267089901824526667e-20
1.225432291697928272e-20
1.183373714773973736e-20
1.140992972594403043e-20
1.098364213589178653e-20
1.055565933838765820e-20
1.012677189338620272e-20
9.697735679000759636e-21
9.269333083450465043e-21
8.842359815291107698e-21
8.417577276115432691e-21
7.995756869070541595e-21
7.577676183255028182e-21
7.164088132488254966e-21
6.755752441510349528e-21
6.353413763578698694e-21
5.957798059656642829e-21
5.569637547396874592e-21
5.189631593163027527e-21
4.818473832194489258e-21
4.456850770450821785e-21
4.105412836865773580e-21
3.764807057565635444e-21
3.435655737551388449e-21
3.118563287562782392e-21
2.814101845285005673e-21
2.522836385582128577e-21
2.245296216990949969e-21
1.981987414358380722e-21
1.733397699529641363e-21
1.499979696854806783e-21
1.282161132010177175e-21
1.080342085740232509e-21
8.948931426780335136e-22
7.261530223152727209e-22
5.744328720309066661e-22
4.400097234035592471e-22
3.231310098324783374e-22
2.240118516564541036e-22
1.428341651659984620e-22
9.107364616274192780e-23
5.807035803277706639e-23
3.702677131130776292e-23
2.360900071013232923e-23
1.505357474812882605e-23
9.598467729496501084e-24
6.120173776762449295e-24
3.902344638207685511e-24
2.488209298558478202e-24
1.586527177762242530e-24
1.011595598384928552e-24
6.450088358435974906e-25
4.112651441469903338e-25
2.622273947292453873e-25
1.671980892563160651e-25
1.066051759969154628e-25
6.797009718609766098e-26
4.333661753063937607e-26
2.763059867557482923e-26
1.761655632293181307e-26
1.123206432513085955e-26
7.161328643345479710e-27
4.565877912449229694e-27
2.911243030629061541e-27
1.856249768770994543e-27
1.183673648216450752e-27
7.548699127329377487e-28
4.814945662838876332e-28
3.071702637627432234e-28
1.960207355826949152e-28
1.251194054051698039e-28
7.986263035417535289e-29
5.096995172179711813e-29
3.252398790599161772e-29
2.077339129305220775e-29
1.327702792170788177e-29
8.490362440597476014e-30
5.433645356646263451e-30
3.477875154318965029e-30
2.226881714922186646e-30
1.425056854874285572e-30
9.124615610702520196e-31
5.880884030226655157e-31
3.827404475811175277e-31
2.531492587303211536e-31
1.708189354766544376e-31
1.179127010010165696e-31
8.499144715031424225e-32
6.480095436159654408e-32
5.182143527444041846e-32
4.319994624307684147e-32
3.678227315744929985e-32
3.237080620246432592e-32
2.950390842413446206e-32
2.828411968881997103e-32
2.797023939613136277e-32
2.715178006310350834e-32
2.583823826896388454e-32
2.412350472320864454e-32
2.195693702363411685e-32
2.047737724675245103e-32
2.017803201448475033e-32
2.036923932117835546e-32
2.087747342789597924e-32
2.106012786315307715e-32
2.005105230407564455e-32
1.930239094960292166e-32
1.876962462120222479e-32
1.886132790764218867e-32
1.990578394496380438e-32
2.028325369265609120e-32
1.998194089552717856e-32
2.013332327078846000e-32
2.168337298141112147e-32
2.434102270915688653e-32
2.687637283995707341e-32
2.853333753919144145e-32
2.904151515764381582e-32
2.742920324355672316e-32
2.448311316409092630e-32
2.100328366466231754e-32
1.861956113787874251e-32
1.783447759009516000e-32
1.762103629523495612e-32
1.793672051219867832e-32
1.871639323391337047e-32
1.968274181469404355e-32
2.113867301411008643e-32
2.314354025160986870e-32
2.467801291874492886e-32
2.536101476135557295e-32
2.484428900979794679e-32
2.357994573511382741e-32
2.281664009517321615e-32
2.334413929988354039e-32
2.457953445034655977e-32
2.630112610059804170e-32
2.798447577127265531e-32
2.935569235220531179e-32
2.989394673933051352e-32
3.014024871614135848e-32
3.027056438130677366e-32
3.004699393131532840e-32
3.050146449844267974e-32
3.222294978364862405e-32
3.536409610845465334e-32
4.011474620877396213e-32
4.809959161712088918e-32
6.084709008514766127e-32
8.213586846398987744e-32
1.159134550952476473e-31
1.682308799800886702e-31
2.520073729768299513e-31
3.858558857986941833e-31
5.979220808093942071e-31
9.268553058372420465e-31
1.441380518122205645e-30
2.249369738035651843e-30
3.516819110719548320e-30
5.494058467532516520e-30
8.584022961316385279e-30
1.339843619697215217e-29
2.096183876929747300e-29
3.278059777837911339e-29
5.128471910264571919e-29
7.397341095012836469e-29
1.007511976962168613e-28
1.316162996736753418e-28
1.663991467225421936e-28
2.050868853010299819e-28
2.474159845857772198e-28
2.934441219028279827e-28
3.429218383970879777e-28
3.963882354464430498e-28
4.529767104488478482e-28
5.127594313274292216e-28
5.760405629749462665e-28
6.427236703858156851e-28
7.124731999380072569e-28
7.844293682350412380e-28
8.590503018112508919e-28
9.364607910725875571e-28
1.016404538542165008e-27
1.097905905868286658e-27
1.183192883531954808e-27
1.269874745528177981e-27
1.358757515897512647e-27
1.447449720093295049e-27
1.538457037366868313e-27
1.630016912523153403e-27
1.724558810488376452e-27
1.820199050406420964e-27
1.916182556359435482e-27
2.013986416856224923e-27
2.113864860928276429e-27
2.213426481865424553e-27
2.314472809430348578e-27
2.413979217778663881e-27
2.513756973038351038e-27
2.615487300789433373e-27
2.716848890491376893e-27
2.817017282443434222e-27
2.918029357504220299e-27
3.019356370013736598e-27
3.119457059815084655e-27
3.217673088018565334e-27
3.316026585644290162e-27
3.410823145049737647e-27
3.503382869682952017e-27
3.595883626205642500e-27
3.683934205869236678e-27
3.773720156787239606e-27
3.858973810550942792e-27
3.940373415358545665e-27
4.021307344865965822e-27
4.096564715108298596e-27
4.167427376700285036e-27
4.234095189701386368e-27
4.296628411539938959e-27
4.357680548502767116e-27
4.409387277465500105e-27
4.458148655053956334e-27
4.505062567079383279e-27
4.545696549833324732e-27
4.579105316722610659e-27
4.607140225452873262e-27
4.624607255625955086e-27
4.639954380801906548e-27
4.651540551602168435e-27
4.655857449972640071e-27
4.651444713521276465e-27
4.646655033392112088e-27
4.635721907293274419e-27
4.616551835937822492e-27
4.591910049906604841e-27
4.561316165474629091e-27
4.524941313204868331e-27
4.482233513514922102e-27
4.436098461634613198e-27
4.383962886897280438e-27
4.327175153285210713e-27
4.264954310314426316e-27
4.197035947877038095e-27
4.125106631590838508e-27
4.047204952215985558e-27
3.967608218977320619e-27
3.880869950146315133e-27
3.790387517826886776e-27
3.696538146133021223e-27
3.599747953412687677e-27
3.498814551859892697e-27
3.396459115720596029e-27
3.290163266693469677e-27
3.181824542919788140e-27
3.068492424153739390e-27
2.954862612566895511e-27
2.837882609985063595e-27
2.719044791916566335e-27
2.600307990347087791e-27
2.481110537378846982e-27
2.359014477522363032e-27
2.237616481345067782e-27
2.115294049326156335e-27
1.993712820706345700e-27
1.871065903725690249e-27
1.749541872428939654e-27
1.629774125022246897e-27
1.511459469677366457e-27
1.395941986726145674e-27
1.282530355449207519e-27
1.171821287124694249e-27
1.064038039693634851e-27
9.597549794070317326e-28
8.593062880397164833e-28
7.626797690392292363e-28
6.705843290619988383e-28
5.831006955120457889e-28
5.008105159356602748e-28
4.239916301364908420e-28
3.528470602882610983e-28
2.874130205229128864e-28
2.282975436318433936e-28
1.755079005477110580e-28
1.293918385781986950e-28
9.010461461992774060e-29
5.773304197744558311e-29
3.248989771561365375e-29
1.444330460354312095e-29
3.610519524824811604e-30
